173.579 17.6353
116.009 19.016
132.781 18.9238
149 19.1451
166 19.2375
110.373 20.4079
182.206 19.3381
40.9014 21.9539
77.3247 21.3287
99.2269 21.1659
48.7002 22.0776
56.557 22.3428
64.5496 22.0664
203.13 22.3391
22.7068 22.7723
28.0959 22.5156
109.69 23.1562
137.908 22.8046
154.147 22.5809
170.263 22.7982
186.578 22.7736
164.947 23.0195
181.334 23.641
197.169 23.7759
202.992 23.7729
27.0297 25.6843
40.3462 25.3891
108.482 25.8333
146.596 25.9468
100 26.9642
131.163 26.8923
138.831 26.6101
150.061 27.1495
155 26.241
162.974 26.7797
171.612 26.3224
179.303 26.2187
188 26
197.19 26.1901
204.04 27.0973
50.7889 27.8761
63.9659 28.4105
79 28.9727
82.9909 27.6186
93.9546 28.0066
183.195 27.7385
22.7874 28.8508
28.4628 28.4906
45.5874 29.75
60.0973 28.9373
99.6418 28.5255
115.115 29.4659
137.88 29.4923
147.554 29.1213
170.58 29.2826
180.61 29.2728
186.079 29.8476
197.097 29.4062
132.98 29.8934
144.5 31
154.063 29.0849
164.688 29.5515
43.3497 31.9127
52.3761 30.7746
57 30.605
106.598 30.84
121.018 31.1227
128.975 31.5938
161.805 30.9908
26.8993 32.1431
100.486 31.5448
171.214 32.9842
64.5995 32.3292
107.122 32.0985
138.255 32.3306
155.007 32.7396
178.132 32.4775
187.878 32.9563
194.105 32.9063
203.826 32.6879
51.5191 33.981
121 35
124.33 33.688
43.4945 36.6792
121.64 35.4587
48.8884 36.631
56.6262 36.7825
64.7772 36.9632
76.7667 36.9589
84.7296 37.8019
102.155 38.6356
118.269 38.3171
140.33 38.403
189.327 38.3109
205.795 38.479
30.9358 38.4731
70.7772 39.3465
156.885 38.7169
172.942 38.8306
80.2131 40.0415
100.036 43
29 42.8884
172 43.75
187.75 43.75
45.0206 44.1089
50.8929 43.9651
70.7306 44.6608
77.829 44.707
24.9603 45.9755
30.8592 45.7597
62.8826 46.1458
84.6974 45.5822
102.115 46.3314
118.084 46.0207
133 46.5078
140.281 46.6547
156.498 46.4663
173.12 46.3559
189.19 46.6089
198.201 45.9971
52.9215 46.9649
80.7619 47.1007
95.8485 46.3002
111.948 46.542
133.747 46.5503
150.173 46.7692
166.378 46.7242
182.234 46.6704
199.498 46.6713
205.973 46.8126
42.3698 47.4595
55.8757 48.861
45.786 49.2372
69.3488 48.6056
51.5431 49.9065
57.9565 50.2842
86.0434 50.0271
21.6581 51.0294
28.5313 50.5592
92.6856 51.0043
99.073 50.882
108.987 51.0467
115.43 51.1
131.328 51.3177
137.347 51.0448
146.968 51.1503
153.635 51.2107
163.289 51.4473
169.942 51.0507
180.187 51.4192
186.427 51.0944
196.215 51.511
202.745 51.2584
102.714 52.9841
42.1365 52
50.0231 52.8261
53.2765 53.9148
64.1081 53.3767
70.2562 52.5768
86.7233 53.7495
189.743 53.5025
58.0516 53.562
102.433 53.0725
115.8 54.2977
140.988 53.7325
154.336 53.8773
157.092 53.7493
173.798 54.0237
186.179 54.3207
206.052 53.5258
80.6433 54.958
100.044 54.6068
170.947 54.3063
67.7593 58.3375
45.1436 59.1351
50.8084 59.1403
76.7042 58.7139
85.9153 58.95
102.222 58.9952
42.6102 59
140.354 59.6948
156.735 59.8884
173.003 60.0025
188.964 60.0813
205.977 60.0184
62.4198 60.7094
40.3985 62.8637
40.4145 62.3368
131.476 27
138.884 26.5665
155.071 26.3088
171.358 26.0366
50.4496 28.3615
111.349 28.8953
168.956 28.5732
63.5515 29.0186
106.296 30.5776
193.591 32.0641
32.535 33.6287
74.045 33.3097
43.7634 34.9938
119.905 34.6737
127.825 34.984
76.6582 37.052
83.479 37.0362
171.419 39.2357
189 38
97.3991 40.5782
134.897 40.6711
167.907 40.9367
183.834 41.1973
30 45
49.9583 43.8144
77.1425 44.3688
101.33 43.9886
140.004 43.3699
154.964 43.8179
171.498 43.8632
187.902 43.8032
84.2487 44.8322
95.0691 45.8343
110.875 45.9434
132.742 45.9871
149.14 45.5174
165.246 45.413
181.559 45.625
197.83 45.52
65.429 46.956
67.4809 47.2113
22 51
108.211 50.6072
131.673 50.7546
147 51
162.661 50.3182
180 51
195.814 50.6837
58.0813 52.866
140.086 53.2335
187.409 53.1902
184.838 54.4675
83.25 37.7781
140.245 42.641
94.2955 46.064
110.578 46.0907
