extract time : 4.66679
**************************************************************************
It's strange. You shouldn't use L1 or L2 distance for a binary descriptor
**************************************************************************
*itMatcher : BruteForce
Brisk matching time : 3.38759
[19,3590,0,258.556;
54,3669,0,303.87;
33,3626,0,328.137;
28,3625,0,329.774;
16,3600,0,348.406;
71,3707,0,356.094;
36,3625,0,359.632;
37,9198,0,373.901;
52,3669,0,374.373;
75,3726,0,375.237;
31,3638,0,383.226;
5,3559,0,386.577;
21,3589,0,388.556;
56,3669,0,390.871;
35,3626,0,391.952;
17,3587,0,397.222;
30,3637,0,402.433;
193,9224,0,407.79;
60,3667,0,409.9;
2,3551,0,414.402;
77,3707,0,416.121;
53,9214,0,422.021;
188,3637,0,427.355;
18,3590,0,441.186;
210,9291,0,441.819;
73,3727,0,442.942;
74,3723,0,443.348;
76,3725,0,453.277;
61,3694,0,458.126;
43,5659,0,462.771;
0,0,0,0;
]

Matches : [0,6917,0,739.33;
1,5709,0,621.86;
2,3551,0,414.402;
3,3544,0,583.836;
4,3824,0,591.295;
5,3559,0,386.577;
6,3551,0,614.483;
7,14733,0,745.36;
8,11334,0,615.223;
9,41,0,585.005;
10,13052,0,595.582;
11,12626,0,602.098;
12,13556,0,551.148;
13,11542,0,510.819;
14,3618,0,477.434;
15,12308,0,589.678;
16,3600,0,348.406;
17,3587,0,397.222;
18,3590,0,441.186;
19,3590,0,258.556;
20,3573,0,493.785;
21,3589,0,388.556;
22,3572,0,563.697;
23,6837,0,494.162;
24,11542,0,541.743;
25,9520,0,593.017;
26,5512,0,675.306;
27,12359,0,545.097;
28,3625,0,329.774;
29,41,0,551.059;
30,3637,0,402.433;
31,3638,0,383.226;
32,6765,0,609.434;
33,3626,0,328.137;
34,3625,0,508.33;
35,3626,0,391.952;
36,3625,0,359.632;
37,9198,0,373.901;
38,12561,0,605.747;
39,7479,0,685.033;
40,4940,0,615.952;
41,3051,0,664.679;
42,5411,0,698.984;
43,5659,0,462.771;
44,3141,0,611.418;
45,5081,0,583.976;
46,9238,0,469.549;
47,10580,0,650.598;
48,9482,0,643.147;
49,7185,0,624.183;
50,4272,0,650.693;
51,3692,0,534.563;
52,3669,0,374.373;
53,9214,0,422.021;
54,3669,0,303.87;
55,3666,0,531.714;
56,3669,0,390.871;
57,6238,0,527.701;
58,3693,0,473.131;
59,10918,0,575.078;
60,3667,0,409.9;
61,3694,0,458.126;
62,3640,0,672.698;
63,6756,0,584.735;
64,6907,0,640.914;
65,12600,0,568.146;
66,14323,0,606.408;
67,15185,0,566.63;
68,3727,0,619.171;
69,6775,0,626.629;
70,7249,0,613.896;
71,3707,0,356.094;
72,6487,0,587.055;
73,3727,0,442.942;
74,3723,0,443.348;
75,3726,0,375.237;
76,3725,0,453.277;
77,3707,0,416.121;
78,1003,0,594.003;
79,3769,0,655.15;
80,5895,0,684.31;
81,14536,0,571.727;
82,5391,0,627.85;
83,13554,0,638.432;
84,14536,0,597.124;
85,1769,0,600.357;
86,7931,0,622.001;
87,14602,0,596.518;
88,11174,0,668.395;
89,1317,0,607.822;
90,3838,0,511.618;
91,11003,0,622.242;
92,4088,0,537.53;
93,614,0,629.682;
94,9522,0,615.588;
95,3648,0,620.221;
96,11727,0,682.493;
97,3803,0,531.033;
98,3838,0,583.958;
99,11313,0,619.266;
100,8127,0,598.836;
101,6546,0,586.561;
102,5092,0,635.82;
103,1928,0,657.318;
104,898,0,633.433;
105,2693,0,603.865;
106,13307,0,633.558;
107,8276,0,637.232;
108,9334,0,664.897;
109,14192,0,720.987;
110,854,0,613.336;
111,3085,0,646.462;
112,3882,0,725.528;
113,3941,0,682.551;
114,7805,0,674.649;
115,3894,0,646.393;
116,3882,0,550.164;
117,3881,0,595.407;
118,3881,0,593.276;
119,9903,0,692.797;
120,1455,0,615.791;
121,6664,0,707.136;
122,11362,0,658.048;
123,9334,0,636.673;
124,3722,0,632.599;
125,5265,0,658.332;
126,9903,0,591.643;
127,11173,0,628;
128,5356,0,562.356;
129,3896,0,624.139;
130,5425,0,568.548;
131,12552,0,569.366;
132,258,0,617.573;
133,6928,0,610.548;
134,14706,0,732.091;
135,3143,0,654.769;
136,5804,0,644.746;
137,1765,0,640.858;
138,3951,0,597.87;
139,8741,0,632.381;
140,3411,0,684.838;
141,13742,0,609.887;
142,3951,0,713.082;
143,1318,0,668.625;
144,4019,0,623.259;
145,3980,0,643.616;
146,3979,0,635.349;
147,4774,0,606.428;
148,3963,0,536.744;
149,2669,0,671.436;
150,3964,0,701.319;
151,14110,0,698.86;
152,3979,0,606.482;
153,3998,0,574.972;
154,12827,0,708.733;
155,9943,0,671.484;
156,7355,0,693.962;
157,6957,0,754.913;
158,267,0,542.338;
159,8352,0,664.175;
160,10649,0,655.325;
161,6347,0,623.221;
162,3998,0,574.295;
163,4844,0,641.716;
164,11497,0,634.664;
165,10539,0,677.632;
166,4026,0,516.734;
167,3998,0,664.126;
168,2204,0,623.282;
169,12682,0,643.989;
170,12113,0,601.988;
171,11459,0,575.194;
172,8790,0,559.086;
173,3418,0,666.795;
174,11796,0,666.36;
175,6111,0,621.05;
176,9140,0,644.307;
177,11097,0,557;
178,13296,0,565.097;
179,5581,0,657.409;
180,4110,0,517.738;
181,11532,0,507.962;
182,4591,0,562.726;
183,4591,0,476.615;
184,4086,0,511.312;
185,9086,0,614.415;
186,12327,0,619.057;
187,12327,0,651.465;
188,3637,0,427.355;
189,3638,0,616.661;
190,3626,0,493.762;
191,3639,0,552.531;
192,14123,0,578.304;
193,9224,0,407.79;
194,9216,0,472.748;
195,1306,0,611.429;
196,12600,0,565.423;
197,14157,0,600.068;
198,12160,0,577.999;
199,12202,0,728.262;
200,2179,0,643.132;
201,9265,0,530.15;
202,9267,0,516.558;
203,14369,0,666.943;
204,4380,0,512.909;
205,3564,0,575.938;
206,4086,0,538.024;
207,5135,0,614.463;
208,7894,0,508.824;
209,9297,0,475.136;
210,9291,0,441.819;
211,4454,0,652.123;
212,6096,0,648.148;
213,11313,0,609.946;
214,9357,0,548.223;
215,9321,0,596.134;
216,9319,0,617.65;
217,5092,0,626.853;
218,2249,0,645.677;
219,13657,0,636.611;
220,2616,0,668.702;
221,1366,0,680.794;
222,4003,0,613.177;
223,5090,0,696.46;
224,12433,0,639.926;
225,6977,0,632.935;
226,2764,0,668.148;
227,2087,0,610.776;
228,2620,0,589.889;
229,11583,0,645.477;
230,9157,0,678.349;
231,3817,0,673.331;
232,11524,0,625.557;
233,2672,0,642.592;
234,11998,0,667.637;
235,6953,0,711.77;
236,3130,0,641.634;
237,9799,0,583.868;
238,11315,0,617.689;
239,2075,0,517.083;
240,4380,0,528.411;
241,12174,0,550.373;
242,2674,0,672.544;
243,5087,0,661.772;
]

**********Match results**********
Index 	Index 	distance
in img1	in img2
19	3590	258.556
54	3669	303.87
33	3626	328.137
28	3625	329.774
16	3600	348.406
71	3707	356.094
36	3625	359.632
37	9198	373.901
52	3669	374.373
75	3726	375.237
31	3638	383.226
5	3559	386.577
21	3589	388.556
56	3669	390.871
35	3626	391.952
17	3587	397.222
30	3637	402.433
193	9224	407.79
60	3667	409.9
2	3551	414.402
77	3707	416.121
53	9214	422.021
188	3637	427.355
18	3590	441.186
210	9291	441.819
73	3727	442.942
74	3723	443.348
76	3725	453.277
61	3694	458.126
43	5659	462.771
0	0	0
**************************************************************************
It's strange. You shouldn't use L1 or L2 distance for a binary descriptor
**************************************************************************
*itMatcher : BruteForce-L1
Brisk matching time : 1.94921
[19,3590,0,853;
54,3667,0,1027;
33,3626,0,1066;
28,3625,0,1149;
31,3638,0,1240;
36,3625,0,1281;
5,3559,0,1308;
71,3707,0,1401;
16,3600,0,1407;
35,3626,0,1438;
30,3637,0,1440;
37,9198,0,1494;
21,3589,0,1532;
75,3726,0,1555;
56,3669,0,1574;
53,9214,0,1582;
77,3707,0,1601;
17,3587,0,1617;
193,9224,0,1645;
18,3588,0,1674;
60,3669,0,1682;
188,3637,0,1702;
2,3551,0,1799;
52,3669,0,1875;
194,9216,0,1885;
76,3725,0,1896;
58,3693,0,1929;
20,3587,0,1945;
210,9291,0,1950;
61,3666,0,1999;
0,0,0,0;
]

Matches : [0,6917,0,4113;
1,5709,0,2980;
2,3551,0,1799;
3,3544,0,2779;
4,3824,0,3012;
5,3559,0,1308;
6,3551,0,2959;
7,4390,0,3947;
8,8036,0,3217;
9,41,0,2983;
10,13052,0,3064;
11,12626,0,3044;
12,11549,0,2713;
13,3614,0,2421;
14,3618,0,2617;
15,12308,0,3084;
16,3600,0,1407;
17,3587,0,1617;
18,3588,0,1674;
19,3590,0,853;
20,3587,0,1945;
21,3589,0,1532;
22,3572,0,2616;
23,6837,0,2476;
24,10442,0,2528;
25,3662,0,3191;
26,9065,0,3773;
27,12359,0,2889;
28,3625,0,1149;
29,10403,0,2468;
30,3637,0,1440;
31,3638,0,1240;
32,5081,0,3083;
33,3626,0,1066;
34,3625,0,2023;
35,3626,0,1438;
36,3625,0,1281;
37,9198,0,1494;
38,12561,0,3045;
39,7479,0,3690;
40,4940,0,3263;
41,3051,0,3502;
42,13416,0,3677;
43,5659,0,2225;
44,5325,0,3258;
45,5081,0,2564;
46,9238,0,2038;
47,10580,0,3292;
48,9306,0,3305;
49,5073,0,3320;
50,7411,0,3096;
51,3692,0,2664;
52,3669,0,1875;
53,9214,0,1582;
54,3667,0,1027;
55,3666,0,2120;
56,3669,0,1574;
57,3650,0,2523;
58,3693,0,1929;
59,10918,0,3021;
60,3669,0,1682;
61,3666,0,1999;
62,979,0,3695;
63,6756,0,3129;
64,5871,0,3400;
65,13886,0,2906;
66,9451,0,3322;
67,15185,0,3074;
68,3727,0,3283;
69,6775,0,3234;
70,7249,0,2718;
71,3707,0,1401;
72,6156,0,2899;
73,3727,0,2082;
74,3723,0,2053;
75,3726,0,1555;
76,3725,0,1896;
77,3707,0,1601;
78,1003,0,3000;
79,10324,0,3429;
80,5895,0,3738;
81,2993,0,2761;
82,5391,0,3138;
83,713,0,3338;
84,2993,0,3018;
85,1769,0,3189;
86,6678,0,3338;
87,4236,0,3207;
88,11174,0,3768;
89,10447,0,3018;
90,3838,0,2485;
91,3819,0,3309;
92,4088,0,2662;
93,3838,0,3289;
94,7797,0,3007;
95,8170,0,3238;
96,8544,0,3797;
97,3787,0,2686;
98,3838,0,2783;
99,11313,0,3406;
100,8127,0,3398;
101,6546,0,3010;
102,5092,0,3207;
103,6906,0,3378;
104,898,0,3471;
105,2693,0,3413;
106,840,0,3494;
107,8276,0,3324;
108,11855,0,3671;
109,4038,0,3939;
110,6744,0,3451;
111,3085,0,3557;
112,3882,0,3913;
113,3915,0,3751;
114,7805,0,3627;
115,3894,0,3442;
116,3882,0,2868;
117,3881,0,3162;
118,3881,0,3007;
119,9903,0,3759;
120,1455,0,3432;
121,7121,0,3798;
122,3959,0,3633;
123,9334,0,3573;
124,12114,0,3506;
125,9903,0,3661;
126,9903,0,3379;
127,11173,0,3324;
128,5356,0,3120;
129,3896,0,3347;
130,5425,0,3159;
131,11104,0,2980;
132,258,0,3104;
133,6928,0,3403;
134,6445,0,4177;
135,7306,0,3496;
136,5804,0,3609;
137,3965,0,3180;
138,3951,0,3320;
139,3687,0,3493;
140,6147,0,3878;
141,13742,0,3264;
142,3951,0,3856;
143,3220,0,3535;
144,4019,0,2918;
145,3980,0,3250;
146,3979,0,3085;
147,4774,0,3049;
148,3963,0,2672;
149,2669,0,3564;
150,3964,0,3828;
151,14110,0,3959;
152,3979,0,2923;
153,3998,0,2999;
154,252,0,3874;
155,7738,0,3914;
156,6683,0,3501;
157,7142,0,3987;
158,267,0,3084;
159,9551,0,3802;
160,7067,0,3433;
161,6347,0,3328;
162,3998,0,3021;
163,4844,0,3111;
164,11497,0,3299;
165,1638,0,3509;
166,4026,0,2236;
167,6938,0,3433;
168,2204,0,3123;
169,12682,0,3552;
170,4518,0,3381;
171,11459,0,3038;
172,8790,0,3057;
173,2504,0,3658;
174,8259,0,3763;
175,6538,0,3387;
176,9140,0,3681;
177,14954,0,2785;
178,4086,0,2734;
179,4933,0,3838;
180,4110,0,2297;
181,2773,0,2511;
182,11378,0,2699;
183,4591,0,2394;
184,4086,0,2278;
185,13371,0,3355;
186,12327,0,3248;
187,12327,0,3233;
188,3637,0,1702;
189,3638,0,2711;
190,3626,0,2159;
191,13194,0,2837;
192,4940,0,2744;
193,9224,0,1645;
194,9216,0,1885;
195,7118,0,3047;
196,13886,0,2919;
197,9240,0,3344;
198,12160,0,3105;
199,12442,0,3867;
200,7838,0,3684;
201,9265,0,2555;
202,3777,0,2495;
203,14369,0,3717;
204,4380,0,2772;
205,3564,0,2927;
206,4086,0,2766;
207,5135,0,3065;
208,9298,0,2578;
209,9297,0,2068;
210,9291,0,1950;
211,6624,0,3666;
212,9341,0,3375;
213,11313,0,3380;
214,9357,0,2658;
215,9321,0,2890;
216,9319,0,2900;
217,5092,0,3181;
218,5092,0,3480;
219,13657,0,3606;
220,9359,0,3611;
221,9324,0,3350;
222,4003,0,3304;
223,2828,0,3762;
224,2085,0,3097;
225,6977,0,3355;
226,2764,0,3740;
227,11003,0,3303;
228,2620,0,3109;
229,6414,0,3644;
230,7807,0,3643;
231,3817,0,3783;
232,11524,0,3267;
233,8845,0,3422;
234,11998,0,3657;
235,6953,0,3790;
236,810,0,3353;
237,9799,0,3226;
238,11315,0,3254;
239,2075,0,2645;
240,5188,0,2761;
241,12174,0,2582;
242,2674,0,3627;
243,2085,0,3413;
]

**********Match results**********
Index 	Index 	distance
in img1	in img2
19	3590	853
54	3667	1027
33	3626	1066
28	3625	1149
31	3638	1240
36	3625	1281
5	3559	1308
71	3707	1401
16	3600	1407
35	3626	1438
30	3637	1440
37	9198	1494
21	3589	1532
75	3726	1555
56	3669	1574
53	9214	1582
77	3707	1601
17	3587	1617
193	9224	1645
18	3588	1674
60	3669	1682
188	3637	1702
2	3551	1799
52	3669	1875
194	9216	1885
76	3725	1896
58	3693	1929
20	3587	1945
210	9291	1950
61	3666	1999
0	0	0
*itMatcher : BruteForce-Hamming
Brisk matching time : 2.08147
[33,3626,0,27;
54,3667,0,31;
5,3559,0,41;
31,3638,0,42;
30,3637,0,42;
28,3625,0,42;
16,3600,0,42;
21,3589,0,43;
19,3590,0,44;
61,3666,0,47;
60,3667,0,48;
77,3707,0,49;
35,3626,0,50;
71,3707,0,52;
75,3726,0,52;
56,3669,0,52;
53,9214,0,52;
2,3551,0,53;
188,3637,0,53;
34,3625,0,54;
36,3627,0,55;
55,3666,0,56;
17,3587,0,58;
18,3588,0,59;
58,3693,0,61;
37,9198,0,64;
6,3551,0,65;
52,9248,0,65;
46,3704,0,66;
74,3726,0,66;
0,0,0,0;
]

Matches : [0,3456,0,135;
1,6098,0,105;
2,3551,0,53;
3,3544,0,96;
4,3544,0,116;
5,3559,0,41;
6,3551,0,65;
7,6031,0,128;
8,8036,0,120;
9,3601,0,103;
10,7119,0,130;
11,1873,0,127;
12,13556,0,116;
13,9181,0,97;
14,9193,0,98;
15,9194,0,115;
16,3600,0,42;
17,3587,0,58;
18,3588,0,59;
19,3590,0,44;
20,9181,0,69;
21,3589,0,43;
22,3572,0,69;
23,6837,0,94;
24,86,0,98;
25,3662,0,105;
26,3663,0,128;
27,3664,0,117;
28,3625,0,42;
29,10403,0,96;
30,3637,0,42;
31,3638,0,42;
32,5930,0,101;
33,3626,0,27;
34,3625,0,54;
35,3626,0,50;
36,3627,0,55;
37,9198,0,64;
38,7402,0,113;
39,86,0,110;
40,6432,0,124;
41,12664,0,124;
42,4217,0,131;
43,3667,0,94;
44,7873,0,107;
45,5081,0,93;
46,3704,0,66;
47,10580,0,120;
48,3856,0,120;
49,518,0,116;
50,3720,0,110;
51,3692,0,106;
52,9248,0,65;
53,9214,0,52;
54,3667,0,31;
55,3666,0,56;
56,3669,0,52;
57,3650,0,85;
58,3693,0,61;
59,3725,0,107;
60,3667,0,48;
61,3666,0,47;
62,8867,0,132;
63,2507,0,128;
64,6672,0,120;
65,7476,0,108;
66,7508,0,127;
67,7616,0,110;
68,3725,0,106;
69,6775,0,127;
70,7249,0,110;
71,3707,0,52;
72,6925,0,133;
73,3727,0,86;
74,3726,0,66;
75,3726,0,52;
76,3725,0,67;
77,3707,0,49;
78,3727,0,108;
79,10324,0,112;
80,3223,0,126;
81,10468,0,117;
82,5391,0,114;
83,857,0,122;
84,8643,0,124;
85,3203,0,126;
86,6678,0,127;
87,1263,0,125;
88,2865,0,144;
89,10447,0,122;
90,3788,0,88;
91,3819,0,112;
92,3818,0,91;
93,3788,0,116;
94,7057,0,128;
95,3819,0,125;
96,12016,0,135;
97,3818,0,88;
98,3788,0,82;
99,783,0,133;
100,8121,0,136;
101,6546,0,121;
102,9308,0,121;
103,6906,0,125;
104,1015,0,130;
105,607,0,130;
106,264,0,133;
107,15151,0,153;
108,3898,0,114;
109,6624,0,143;
110,9580,0,130;
111,1656,0,143;
112,3882,0,127;
113,3801,0,144;
114,7805,0,139;
115,3894,0,112;
116,3882,0,102;
117,3881,0,113;
118,3881,0,93;
119,98,0,152;
120,1774,0,125;
121,5705,0,151;
122,3959,0,136;
123,3898,0,119;
124,12562,0,138;
125,3518,0,143;
126,9903,0,154;
127,11173,0,134;
128,5356,0,139;
129,3914,0,120;
130,1333,0,132;
131,10982,0,133;
132,871,0,119;
133,232,0,133;
134,7837,0,147;
135,7306,0,132;
136,15186,0,134;
137,3965,0,113;
138,5092,0,134;
139,4036,0,134;
140,4019,0,149;
141,13742,0,121;
142,5092,0,141;
143,14042,0,130;
144,4019,0,101;
145,3980,0,123;
146,3979,0,118;
147,3965,0,109;
148,3963,0,97;
149,11998,0,132;
150,3964,0,124;
151,14853,0,156;
152,3979,0,113;
153,9950,0,130;
154,3856,0,135;
155,10521,0,146;
156,5718,0,130;
157,7786,0,140;
158,4086,0,138;
159,12253,0,139;
160,7067,0,133;
161,1512,0,141;
162,9950,0,128;
163,4844,0,113;
164,6168,0,135;
165,4040,0,126;
166,3998,0,98;
167,4039,0,121;
168,4010,0,107;
169,9950,0,136;
170,14153,0,133;
171,4068,0,116;
172,12837,0,132;
173,158,0,141;
174,8986,0,141;
175,6340,0,141;
176,12378,0,139;
177,12008,0,119;
178,4086,0,93;
179,12481,0,151;
180,4086,0,93;
181,4086,0,80;
182,4087,0,85;
183,4088,0,82;
184,4086,0,72;
185,12226,0,134;
186,6683,0,139;
187,5722,0,141;
188,3637,0,53;
189,3638,0,83;
190,3626,0,82;
191,13194,0,96;
192,4940,0,124;
193,9224,0,77;
194,9215,0,80;
195,2421,0,138;
196,7476,0,110;
197,9240,0,102;
198,14486,0,135;
199,12202,0,147;
200,1147,0,135;
201,9265,0,77;
202,3777,0,73;
203,2865,0,147;
204,5188,0,116;
205,3788,0,111;
206,3788,0,99;
207,9306,0,117;
208,9298,0,81;
209,9297,0,81;
210,9291,0,70;
211,6624,0,112;
212,9341,0,137;
213,6222,0,150;
214,9357,0,130;
215,9321,0,100;
216,9319,0,115;
217,5092,0,125;
218,9308,0,126;
219,10994,0,140;
220,8418,0,126;
221,9324,0,132;
222,5723,0,141;
223,98,0,132;
224,2085,0,118;
225,9324,0,119;
226,98,0,143;
227,2620,0,124;
228,4656,0,122;
229,3965,0,120;
230,9113,0,153;
231,14042,0,140;
232,3980,0,128;
233,8845,0,135;
234,11998,0,135;
235,13710,0,142;
236,3157,0,125;
237,5052,0,134;
238,5827,0,138;
239,4436,0,118;
240,4380,0,111;
241,12174,0,89;
242,2674,0,137;
243,9343,0,121;
]

**********Match results**********
Index 	Index 	distance
in img1	in img2
33	3626	27
54	3667	31
5	3559	41
31	3638	42
30	3637	42
28	3625	42
16	3600	42
21	3589	43
19	3590	44
61	3666	47
60	3667	48
77	3707	49
35	3626	50
71	3707	52
75	3726	52
56	3669	52
53	9214	52
2	3551	53
188	3637	53
34	3625	54
36	3627	55
55	3666	56
17	3587	58
18	3588	59
58	3693	61
37	9198	64
6	3551	65
52	9248	65
46	3704	66
74	3726	66
0	0	0
*itMatcher : BruteForce-Hamming(2)
Brisk matching time : 1.9818
[33,3626,0,26;
54,3667,0,31;
5,3559,0,36;
19,3590,0,37;
30,3637,0,37;
31,3638,0,38;
28,3625,0,39;
16,3600,0,39;
21,3589,0,42;
61,3666,0,44;
53,9214,0,45;
35,3626,0,45;
60,3669,0,46;
188,3637,0,47;
77,3707,0,47;
34,3625,0,49;
56,3669,0,49;
2,3551,0,49;
36,3625,0,50;
71,3707,0,50;
55,3666,0,50;
75,3726,0,51;
18,3588,0,53;
58,3693,0,54;
17,3587,0,55;
52,9248,0,57;
6,3551,0,58;
46,3704,0,59;
22,3572,0,60;
37,9198,0,60;
0,0,0,0;
]

Matches : [0,3456,0,111;
1,6098,0,86;
2,3551,0,49;
3,3544,0,81;
4,3544,0,95;
5,3559,0,36;
6,3551,0,58;
7,6031,0,105;
8,11334,0,100;
9,3601,0,87;
10,7119,0,112;
11,1263,0,104;
12,11549,0,101;
13,9181,0,83;
14,3618,0,90;
15,11679,0,94;
16,3600,0,39;
17,3587,0,55;
18,3588,0,53;
19,3590,0,37;
20,9181,0,61;
21,3589,0,42;
22,3572,0,60;
23,6837,0,84;
24,86,0,83;
25,3662,0,86;
26,3663,0,100;
27,9214,0,93;
28,3625,0,39;
29,10403,0,82;
30,3637,0,37;
31,3638,0,38;
32,5081,0,85;
33,3626,0,26;
34,3625,0,49;
35,3626,0,45;
36,3625,0,50;
37,9198,0,60;
38,13744,0,89;
39,86,0,89;
40,13260,0,101;
41,1261,0,99;
42,4217,0,99;
43,3669,0,77;
44,5831,0,88;
45,5081,0,73;
46,3704,0,59;
47,11199,0,95;
48,9306,0,100;
49,1936,0,91;
50,3720,0,89;
51,3669,0,89;
52,9248,0,57;
53,9214,0,45;
54,3667,0,31;
55,3666,0,50;
56,3669,0,49;
57,3650,0,77;
58,3693,0,54;
59,3725,0,92;
60,3669,0,46;
61,3666,0,44;
62,8867,0,107;
63,924,0,107;
64,6672,0,102;
65,7573,0,92;
66,7279,0,101;
67,7616,0,93;
68,3725,0,90;
69,6775,0,104;
70,7249,0,87;
71,3707,0,50;
72,6925,0,104;
73,3727,0,78;
74,3726,0,64;
75,3726,0,51;
76,3725,0,62;
77,3707,0,47;
78,3727,0,100;
79,10324,0,96;
80,3223,0,101;
81,10468,0,96;
82,5391,0,98;
83,7036,0,103;
84,9429,0,98;
85,3203,0,106;
86,664,0,98;
87,5540,0,99;
88,2865,0,114;
89,10447,0,94;
90,3788,0,78;
91,3819,0,97;
92,3818,0,78;
93,3788,0,97;
94,7797,0,102;
95,3819,0,106;
96,5691,0,110;
97,3818,0,77;
98,3788,0,70;
99,3705,0,105;
100,468,0,112;
101,6546,0,104;
102,9319,0,94;
103,6906,0,100;
104,1015,0,105;
105,607,0,104;
106,3141,0,110;
107,11790,0,117;
108,3898,0,99;
109,4038,0,117;
110,7915,0,108;
111,9054,0,112;
112,3882,0,104;
113,4316,0,111;
114,5236,0,114;
115,3894,0,99;
116,3882,0,88;
117,3881,0,96;
118,3881,0,79;
119,14815,0,110;
120,1774,0,99;
121,5705,0,119;
122,3959,0,108;
123,3898,0,98;
124,12562,0,114;
125,4698,0,123;
126,9903,0,125;
127,11173,0,112;
128,5356,0,117;
129,3914,0,98;
130,15237,0,117;
131,10982,0,108;
132,871,0,95;
133,232,0,109;
134,7837,0,116;
135,11199,0,104;
136,15186,0,111;
137,3965,0,92;
138,5092,0,112;
139,3687,0,107;
140,4019,0,116;
141,13742,0,102;
142,5092,0,109;
143,14042,0,108;
144,4019,0,85;
145,3980,0,106;
146,3979,0,97;
147,3965,0,88;
148,3963,0,86;
149,3981,0,108;
150,3964,0,103;
151,7285,0,114;
152,3979,0,96;
153,9950,0,106;
154,9846,0,106;
155,10521,0,120;
156,5718,0,106;
157,10657,0,111;
158,11611,0,113;
159,9580,0,111;
160,7067,0,109;
161,6347,0,107;
162,9950,0,104;
163,4844,0,94;
164,11473,0,111;
165,9045,0,106;
166,4026,0,82;
167,4039,0,100;
168,4010,0,93;
169,9950,0,109;
170,14153,0,107;
171,4068,0,97;
172,11737,0,108;
173,11260,0,118;
174,8986,0,110;
175,1496,0,115;
176,12378,0,112;
177,14954,0,95;
178,4086,0,81;
179,6232,0,120;
180,4086,0,78;
181,4086,0,71;
182,4087,0,72;
183,4088,0,75;
184,4086,0,68;
185,6498,0,105;
186,6683,0,107;
187,5722,0,110;
188,3637,0,47;
189,3638,0,70;
190,3626,0,71;
191,13194,0,77;
192,3072,0,106;
193,9224,0,66;
194,9223,0,70;
195,2421,0,109;
196,7476,0,97;
197,9240,0,92;
198,14486,0,114;
199,1073,0,115;
200,1147,0,113;
201,9265,0,70;
202,3777,0,65;
203,14369,0,118;
204,4380,0,97;
205,3788,0,96;
206,3788,0,82;
207,9306,0,95;
208,9298,0,69;
209,9297,0,71;
210,9291,0,64;
211,6624,0,99;
212,9341,0,113;
213,6222,0,117;
214,9357,0,97;
215,9321,0,83;
216,9319,0,92;
217,7118,0,99;
218,9308,0,100;
219,14991,0,113;
220,8418,0,101;
221,9324,0,100;
222,5723,0,106;
223,98,0,106;
224,2085,0,100;
225,9324,0,104;
226,4038,0,111;
227,14666,0,97;
228,4656,0,100;
229,3965,0,94;
230,226,0,117;
231,15213,0,113;
232,3980,0,109;
233,6924,0,108;
234,11998,0,111;
235,11998,0,110;
236,3157,0,96;
237,5052,0,109;
238,1542,0,115;
239,4436,0,95;
240,4380,0,93;
241,12174,0,75;
242,14621,0,109;
243,9343,0,96;
]

**********Match results**********
Index 	Index 	distance
in img1	in img2
33	3626	26
54	3667	31
5	3559	36
19	3590	37
30	3637	37
31	3638	38
28	3625	39
16	3600	39
21	3589	42
61	3666	44
53	9214	45
35	3626	45
60	3669	46
188	3637	47
77	3707	47
34	3625	49
56	3669	49
2	3551	49
36	3625	50
71	3707	50
55	3666	50
75	3726	51
18	3588	53
58	3693	54
17	3587	55
52	9248	57
6	3551	58
46	3704	59
22	3572	60
37	9198	60
0	0	0
extract time : 4.68017
**************************************************************************
It's strange. You shouldn't use L1 or L2 distance for a binary descriptor
**************************************************************************
*itMatcher : BruteForce
Brisk matching time : 3.38943
[19,3590,0,258.556;
54,3669,0,303.87;
33,3626,0,328.137;
28,3625,0,329.774;
16,3600,0,348.406;
71,3707,0,356.094;
36,3625,0,359.632;
37,9198,0,373.901;
52,3669,0,374.373;
75,3726,0,375.237;
31,3638,0,383.226;
5,3559,0,386.577;
21,3589,0,388.556;
56,3669,0,390.871;
35,3626,0,391.952;
17,3587,0,397.222;
30,3637,0,402.433;
193,9224,0,407.79;
60,3667,0,409.9;
2,3551,0,414.402;
77,3707,0,416.121;
53,9214,0,422.021;
188,3637,0,427.355;
18,3590,0,441.186;
210,9291,0,441.819;
73,3727,0,442.942;
74,3723,0,443.348;
76,3725,0,453.277;
61,3694,0,458.126;
43,5659,0,462.771;
0,0,0,0;
]

Matches : [0,6917,0,739.33;
1,5709,0,621.86;
2,3551,0,414.402;
3,3544,0,583.836;
4,3824,0,591.295;
5,3559,0,386.577;
6,3551,0,614.483;
7,14733,0,745.36;
8,11334,0,615.223;
9,41,0,585.005;
10,13052,0,595.582;
11,12626,0,602.098;
12,13556,0,551.148;
13,11542,0,510.819;
14,3618,0,477.434;
15,12308,0,589.678;
16,3600,0,348.406;
17,3587,0,397.222;
18,3590,0,441.186;
19,3590,0,258.556;
20,3573,0,493.785;
21,3589,0,388.556;
22,3572,0,563.697;
23,6837,0,494.162;
24,11542,0,541.743;
25,9520,0,593.017;
26,5512,0,675.306;
27,12359,0,545.097;
28,3625,0,329.774;
29,41,0,551.059;
30,3637,0,402.433;
31,3638,0,383.226;
32,6765,0,609.434;
33,3626,0,328.137;
34,3625,0,508.33;
35,3626,0,391.952;
36,3625,0,359.632;
37,9198,0,373.901;
38,12561,0,605.747;
39,7479,0,685.033;
40,4940,0,615.952;
41,3051,0,664.679;
42,5411,0,698.984;
43,5659,0,462.771;
44,3141,0,611.418;
45,5081,0,583.976;
46,9238,0,469.549;
47,10580,0,650.598;
48,9482,0,643.147;
49,7185,0,624.183;
50,4272,0,650.693;
51,3692,0,534.563;
52,3669,0,374.373;
53,9214,0,422.021;
54,3669,0,303.87;
55,3666,0,531.714;
56,3669,0,390.871;
57,6238,0,527.701;
58,3693,0,473.131;
59,10918,0,575.078;
60,3667,0,409.9;
61,3694,0,458.126;
62,3640,0,672.698;
63,6756,0,584.735;
64,6907,0,640.914;
65,12600,0,568.146;
66,14323,0,606.408;
67,15185,0,566.63;
68,3727,0,619.171;
69,6775,0,626.629;
70,7249,0,613.896;
71,3707,0,356.094;
72,6487,0,587.055;
73,3727,0,442.942;
74,3723,0,443.348;
75,3726,0,375.237;
76,3725,0,453.277;
77,3707,0,416.121;
78,1003,0,594.003;
79,3769,0,655.15;
80,5895,0,684.31;
81,14536,0,571.727;
82,5391,0,627.85;
83,13554,0,638.432;
84,14536,0,597.124;
85,1769,0,600.357;
86,7931,0,622.001;
87,14602,0,596.518;
88,11174,0,668.395;
89,1317,0,607.822;
90,3838,0,511.618;
91,11003,0,622.242;
92,4088,0,537.53;
93,614,0,629.682;
94,9522,0,615.588;
95,3648,0,620.221;
96,11727,0,682.493;
97,3803,0,531.033;
98,3838,0,583.958;
99,11313,0,619.266;
100,8127,0,598.836;
101,6546,0,586.561;
102,5092,0,635.82;
103,1928,0,657.318;
104,898,0,633.433;
105,2693,0,603.865;
106,13307,0,633.558;
107,8276,0,637.232;
108,9334,0,664.897;
109,14192,0,720.987;
110,854,0,613.336;
111,3085,0,646.462;
112,3882,0,725.528;
113,3941,0,682.551;
114,7805,0,674.649;
115,3894,0,646.393;
116,3882,0,550.164;
117,3881,0,595.407;
118,3881,0,593.276;
119,9903,0,692.797;
120,1455,0,615.791;
121,6664,0,707.136;
122,11362,0,658.048;
123,9334,0,636.673;
124,3722,0,632.599;
125,5265,0,658.332;
126,9903,0,591.643;
127,11173,0,628;
128,5356,0,562.356;
129,3896,0,624.139;
130,5425,0,568.548;
131,12552,0,569.366;
132,258,0,617.573;
133,6928,0,610.548;
134,14706,0,732.091;
135,3143,0,654.769;
136,5804,0,644.746;
137,1765,0,640.858;
138,3951,0,597.87;
139,8741,0,632.381;
140,3411,0,684.838;
141,13742,0,609.887;
142,3951,0,713.082;
143,1318,0,668.625;
144,4019,0,623.259;
145,3980,0,643.616;
146,3979,0,635.349;
147,4774,0,606.428;
148,3963,0,536.744;
149,2669,0,671.436;
150,3964,0,701.319;
151,14110,0,698.86;
152,3979,0,606.482;
153,3998,0,574.972;
154,12827,0,708.733;
155,9943,0,671.484;
156,7355,0,693.962;
157,6957,0,754.913;
158,267,0,542.338;
159,8352,0,664.175;
160,10649,0,655.325;
161,6347,0,623.221;
162,3998,0,574.295;
163,4844,0,641.716;
164,11497,0,634.664;
165,10539,0,677.632;
166,4026,0,516.734;
167,3998,0,664.126;
168,2204,0,623.282;
169,12682,0,643.989;
170,12113,0,601.988;
171,11459,0,575.194;
172,8790,0,559.086;
173,3418,0,666.795;
174,11796,0,666.36;
175,6111,0,621.05;
176,9140,0,644.307;
177,11097,0,557;
178,13296,0,565.097;
179,5581,0,657.409;
180,4110,0,517.738;
181,11532,0,507.962;
182,4591,0,562.726;
183,4591,0,476.615;
184,4086,0,511.312;
185,9086,0,614.415;
186,12327,0,619.057;
187,12327,0,651.465;
188,3637,0,427.355;
189,3638,0,616.661;
190,3626,0,493.762;
191,3639,0,552.531;
192,14123,0,578.304;
193,9224,0,407.79;
194,9216,0,472.748;
195,1306,0,611.429;
196,12600,0,565.423;
197,14157,0,600.068;
198,12160,0,577.999;
199,12202,0,728.262;
200,2179,0,643.132;
201,9265,0,530.15;
202,9267,0,516.558;
203,14369,0,666.943;
204,4380,0,512.909;
205,3564,0,575.938;
206,4086,0,538.024;
207,5135,0,614.463;
208,7894,0,508.824;
209,9297,0,475.136;
210,9291,0,441.819;
211,4454,0,652.123;
212,6096,0,648.148;
213,11313,0,609.946;
214,9357,0,548.223;
215,9321,0,596.134;
216,9319,0,617.65;
217,5092,0,626.853;
218,2249,0,645.677;
219,13657,0,636.611;
220,2616,0,668.702;
221,1366,0,680.794;
222,4003,0,613.177;
223,5090,0,696.46;
224,12433,0,639.926;
225,6977,0,632.935;
226,2764,0,668.148;
227,2087,0,610.776;
228,2620,0,589.889;
229,11583,0,645.477;
230,9157,0,678.349;
231,3817,0,673.331;
232,11524,0,625.557;
233,2672,0,642.592;
234,11998,0,667.637;
235,6953,0,711.77;
236,3130,0,641.634;
237,9799,0,583.868;
238,11315,0,617.689;
239,2075,0,517.083;
240,4380,0,528.411;
241,12174,0,550.373;
242,2674,0,672.544;
243,5087,0,661.772;
]

**********Match results**********
Index 	Index 	distance
in img1	in img2
19	3590	258.556
54	3669	303.87
33	3626	328.137
28	3625	329.774
16	3600	348.406
71	3707	356.094
36	3625	359.632
37	9198	373.901
52	3669	374.373
75	3726	375.237
31	3638	383.226
5	3559	386.577
21	3589	388.556
56	3669	390.871
35	3626	391.952
17	3587	397.222
30	3637	402.433
193	9224	407.79
60	3667	409.9
2	3551	414.402
77	3707	416.121
53	9214	422.021
188	3637	427.355
18	3590	441.186
210	9291	441.819
73	3727	442.942
74	3723	443.348
76	3725	453.277
61	3694	458.126
43	5659	462.771
0	0	0
**************************************************************************
It's strange. You shouldn't use L1 or L2 distance for a binary descriptor
**************************************************************************
*itMatcher : BruteForce-L1
Brisk matching time : 1.95608
[19,3590,0,853;
54,3667,0,1027;
33,3626,0,1066;
28,3625,0,1149;
31,3638,0,1240;
36,3625,0,1281;
5,3559,0,1308;
71,3707,0,1401;
16,3600,0,1407;
35,3626,0,1438;
30,3637,0,1440;
37,9198,0,1494;
21,3589,0,1532;
75,3726,0,1555;
56,3669,0,1574;
53,9214,0,1582;
77,3707,0,1601;
17,3587,0,1617;
193,9224,0,1645;
18,3588,0,1674;
60,3669,0,1682;
188,3637,0,1702;
2,3551,0,1799;
52,3669,0,1875;
194,9216,0,1885;
76,3725,0,1896;
58,3693,0,1929;
20,3587,0,1945;
210,9291,0,1950;
61,3666,0,1999;
0,0,0,0;
]

Matches : [0,6917,0,4113;
1,5709,0,2980;
2,3551,0,1799;
3,3544,0,2779;
4,3824,0,3012;
5,3559,0,1308;
6,3551,0,2959;
7,4390,0,3947;
8,8036,0,3217;
9,41,0,2983;
10,13052,0,3064;
11,12626,0,3044;
12,11549,0,2713;
13,3614,0,2421;
14,3618,0,2617;
15,12308,0,3084;
16,3600,0,1407;
17,3587,0,1617;
18,3588,0,1674;
19,3590,0,853;
20,3587,0,1945;
21,3589,0,1532;
22,3572,0,2616;
23,6837,0,2476;
24,10442,0,2528;
25,3662,0,3191;
26,9065,0,3773;
27,12359,0,2889;
28,3625,0,1149;
29,10403,0,2468;
30,3637,0,1440;
31,3638,0,1240;
32,5081,0,3083;
33,3626,0,1066;
34,3625,0,2023;
35,3626,0,1438;
36,3625,0,1281;
37,9198,0,1494;
38,12561,0,3045;
39,7479,0,3690;
40,4940,0,3263;
41,3051,0,3502;
42,13416,0,3677;
43,5659,0,2225;
44,5325,0,3258;
45,5081,0,2564;
46,9238,0,2038;
47,10580,0,3292;
48,9306,0,3305;
49,5073,0,3320;
50,7411,0,3096;
51,3692,0,2664;
52,3669,0,1875;
53,9214,0,1582;
54,3667,0,1027;
55,3666,0,2120;
56,3669,0,1574;
57,3650,0,2523;
58,3693,0,1929;
59,10918,0,3021;
60,3669,0,1682;
61,3666,0,1999;
62,979,0,3695;
63,6756,0,3129;
64,5871,0,3400;
65,13886,0,2906;
66,9451,0,3322;
67,15185,0,3074;
68,3727,0,3283;
69,6775,0,3234;
70,7249,0,2718;
71,3707,0,1401;
72,6156,0,2899;
73,3727,0,2082;
74,3723,0,2053;
75,3726,0,1555;
76,3725,0,1896;
77,3707,0,1601;
78,1003,0,3000;
79,10324,0,3429;
80,5895,0,3738;
81,2993,0,2761;
82,5391,0,3138;
83,713,0,3338;
84,2993,0,3018;
85,1769,0,3189;
86,6678,0,3338;
87,4236,0,3207;
88,11174,0,3768;
89,10447,0,3018;
90,3838,0,2485;
91,3819,0,3309;
92,4088,0,2662;
93,3838,0,3289;
94,7797,0,3007;
95,8170,0,3238;
96,8544,0,3797;
97,3787,0,2686;
98,3838,0,2783;
99,11313,0,3406;
100,8127,0,3398;
101,6546,0,3010;
102,5092,0,3207;
103,6906,0,3378;
104,898,0,3471;
105,2693,0,3413;
106,840,0,3494;
107,8276,0,3324;
108,11855,0,3671;
109,4038,0,3939;
110,6744,0,3451;
111,3085,0,3557;
112,3882,0,3913;
113,3915,0,3751;
114,7805,0,3627;
115,3894,0,3442;
116,3882,0,2868;
117,3881,0,3162;
118,3881,0,3007;
119,9903,0,3759;
120,1455,0,3432;
121,7121,0,3798;
122,3959,0,3633;
123,9334,0,3573;
124,12114,0,3506;
125,9903,0,3661;
126,9903,0,3379;
127,11173,0,3324;
128,5356,0,3120;
129,3896,0,3347;
130,5425,0,3159;
131,11104,0,2980;
132,258,0,3104;
133,6928,0,3403;
134,6445,0,4177;
135,7306,0,3496;
136,5804,0,3609;
137,3965,0,3180;
138,3951,0,3320;
139,3687,0,3493;
140,6147,0,3878;
141,13742,0,3264;
142,3951,0,3856;
143,3220,0,3535;
144,4019,0,2918;
145,3980,0,3250;
146,3979,0,3085;
147,4774,0,3049;
148,3963,0,2672;
149,2669,0,3564;
150,3964,0,3828;
151,14110,0,3959;
152,3979,0,2923;
153,3998,0,2999;
154,252,0,3874;
155,7738,0,3914;
156,6683,0,3501;
157,7142,0,3987;
158,267,0,3084;
159,9551,0,3802;
160,7067,0,3433;
161,6347,0,3328;
162,3998,0,3021;
163,4844,0,3111;
164,11497,0,3299;
165,1638,0,3509;
166,4026,0,2236;
167,6938,0,3433;
168,2204,0,3123;
169,12682,0,3552;
170,4518,0,3381;
171,11459,0,3038;
172,8790,0,3057;
173,2504,0,3658;
174,8259,0,3763;
175,6538,0,3387;
176,9140,0,3681;
177,14954,0,2785;
178,4086,0,2734;
179,4933,0,3838;
180,4110,0,2297;
181,2773,0,2511;
182,11378,0,2699;
183,4591,0,2394;
184,4086,0,2278;
185,13371,0,3355;
186,12327,0,3248;
187,12327,0,3233;
188,3637,0,1702;
189,3638,0,2711;
190,3626,0,2159;
191,13194,0,2837;
192,4940,0,2744;
193,9224,0,1645;
194,9216,0,1885;
195,7118,0,3047;
196,13886,0,2919;
197,9240,0,3344;
198,12160,0,3105;
199,12442,0,3867;
200,7838,0,3684;
201,9265,0,2555;
202,3777,0,2495;
203,14369,0,3717;
204,4380,0,2772;
205,3564,0,2927;
206,4086,0,2766;
207,5135,0,3065;
208,9298,0,2578;
209,9297,0,2068;
210,9291,0,1950;
211,6624,0,3666;
212,9341,0,3375;
213,11313,0,3380;
214,9357,0,2658;
215,9321,0,2890;
216,9319,0,2900;
217,5092,0,3181;
218,5092,0,3480;
219,13657,0,3606;
220,9359,0,3611;
221,9324,0,3350;
222,4003,0,3304;
223,2828,0,3762;
224,2085,0,3097;
225,6977,0,3355;
226,2764,0,3740;
227,11003,0,3303;
228,2620,0,3109;
229,6414,0,3644;
230,7807,0,3643;
231,3817,0,3783;
232,11524,0,3267;
233,8845,0,3422;
234,11998,0,3657;
235,6953,0,3790;
236,810,0,3353;
237,9799,0,3226;
238,11315,0,3254;
239,2075,0,2645;
240,5188,0,2761;
241,12174,0,2582;
242,2674,0,3627;
243,2085,0,3413;
]

**********Match results**********
Index 	Index 	distance
in img1	in img2
19	3590	853
54	3667	1027
33	3626	1066
28	3625	1149
31	3638	1240
36	3625	1281
5	3559	1308
71	3707	1401
16	3600	1407
35	3626	1438
30	3637	1440
37	9198	1494
21	3589	1532
75	3726	1555
56	3669	1574
53	9214	1582
77	3707	1601
17	3587	1617
193	9224	1645
18	3588	1674
60	3669	1682
188	3637	1702
2	3551	1799
52	3669	1875
194	9216	1885
76	3725	1896
58	3693	1929
20	3587	1945
210	9291	1950
61	3666	1999
0	0	0
*itMatcher : BruteForce-Hamming
Brisk matching time : 2.07006
[33,3626,0,27;
54,3667,0,31;
5,3559,0,41;
31,3638,0,42;
30,3637,0,42;
28,3625,0,42;
16,3600,0,42;
21,3589,0,43;
19,3590,0,44;
61,3666,0,47;
60,3667,0,48;
77,3707,0,49;
35,3626,0,50;
71,3707,0,52;
75,3726,0,52;
56,3669,0,52;
53,9214,0,52;
2,3551,0,53;
188,3637,0,53;
34,3625,0,54;
36,3627,0,55;
55,3666,0,56;
17,3587,0,58;
18,3588,0,59;
58,3693,0,61;
37,9198,0,64;
6,3551,0,65;
52,9248,0,65;
46,3704,0,66;
74,3726,0,66;
0,0,0,0;
]

Matches : [0,3456,0,135;
1,6098,0,105;
2,3551,0,53;
3,3544,0,96;
4,3544,0,116;
5,3559,0,41;
6,3551,0,65;
7,6031,0,128;
8,8036,0,120;
9,3601,0,103;
10,7119,0,130;
11,1873,0,127;
12,13556,0,116;
13,9181,0,97;
14,9193,0,98;
15,9194,0,115;
16,3600,0,42;
17,3587,0,58;
18,3588,0,59;
19,3590,0,44;
20,9181,0,69;
21,3589,0,43;
22,3572,0,69;
23,6837,0,94;
24,86,0,98;
25,3662,0,105;
26,3663,0,128;
27,3664,0,117;
28,3625,0,42;
29,10403,0,96;
30,3637,0,42;
31,3638,0,42;
32,5930,0,101;
33,3626,0,27;
34,3625,0,54;
35,3626,0,50;
36,3627,0,55;
37,9198,0,64;
38,7402,0,113;
39,86,0,110;
40,6432,0,124;
41,12664,0,124;
42,4217,0,131;
43,3667,0,94;
44,7873,0,107;
45,5081,0,93;
46,3704,0,66;
47,10580,0,120;
48,3856,0,120;
49,518,0,116;
50,3720,0,110;
51,3692,0,106;
52,9248,0,65;
53,9214,0,52;
54,3667,0,31;
55,3666,0,56;
56,3669,0,52;
57,3650,0,85;
58,3693,0,61;
59,3725,0,107;
60,3667,0,48;
61,3666,0,47;
62,8867,0,132;
63,2507,0,128;
64,6672,0,120;
65,7476,0,108;
66,7508,0,127;
67,7616,0,110;
68,3725,0,106;
69,6775,0,127;
70,7249,0,110;
71,3707,0,52;
72,6925,0,133;
73,3727,0,86;
74,3726,0,66;
75,3726,0,52;
76,3725,0,67;
77,3707,0,49;
78,3727,0,108;
79,10324,0,112;
80,3223,0,126;
81,10468,0,117;
82,5391,0,114;
83,857,0,122;
84,8643,0,124;
85,3203,0,126;
86,6678,0,127;
87,1263,0,125;
88,2865,0,144;
89,10447,0,122;
90,3788,0,88;
91,3819,0,112;
92,3818,0,91;
93,3788,0,116;
94,7057,0,128;
95,3819,0,125;
96,12016,0,135;
97,3818,0,88;
98,3788,0,82;
99,783,0,133;
100,8121,0,136;
101,6546,0,121;
102,9308,0,121;
103,6906,0,125;
104,1015,0,130;
105,607,0,130;
106,264,0,133;
107,15151,0,153;
108,3898,0,114;
109,6624,0,143;
110,9580,0,130;
111,1656,0,143;
112,3882,0,127;
113,3801,0,144;
114,7805,0,139;
115,3894,0,112;
116,3882,0,102;
117,3881,0,113;
118,3881,0,93;
119,98,0,152;
120,1774,0,125;
121,5705,0,151;
122,3959,0,136;
123,3898,0,119;
124,12562,0,138;
125,3518,0,143;
126,9903,0,154;
127,11173,0,134;
128,5356,0,139;
129,3914,0,120;
130,1333,0,132;
131,10982,0,133;
132,871,0,119;
133,232,0,133;
134,7837,0,147;
135,7306,0,132;
136,15186,0,134;
137,3965,0,113;
138,5092,0,134;
139,4036,0,134;
140,4019,0,149;
141,13742,0,121;
142,5092,0,141;
143,14042,0,130;
144,4019,0,101;
145,3980,0,123;
146,3979,0,118;
147,3965,0,109;
148,3963,0,97;
149,11998,0,132;
150,3964,0,124;
151,14853,0,156;
152,3979,0,113;
153,9950,0,130;
154,3856,0,135;
155,10521,0,146;
156,5718,0,130;
157,7786,0,140;
158,4086,0,138;
159,12253,0,139;
160,7067,0,133;
161,1512,0,141;
162,9950,0,128;
163,4844,0,113;
164,6168,0,135;
165,4040,0,126;
166,3998,0,98;
167,4039,0,121;
168,4010,0,107;
169,9950,0,136;
170,14153,0,133;
171,4068,0,116;
172,12837,0,132;
173,158,0,141;
174,8986,0,141;
175,6340,0,141;
176,12378,0,139;
177,12008,0,119;
178,4086,0,93;
179,12481,0,151;
180,4086,0,93;
181,4086,0,80;
182,4087,0,85;
183,4088,0,82;
184,4086,0,72;
185,12226,0,134;
186,6683,0,139;
187,5722,0,141;
188,3637,0,53;
189,3638,0,83;
190,3626,0,82;
191,13194,0,96;
192,4940,0,124;
193,9224,0,77;
194,9215,0,80;
195,2421,0,138;
196,7476,0,110;
197,9240,0,102;
198,14486,0,135;
199,12202,0,147;
200,1147,0,135;
201,9265,0,77;
202,3777,0,73;
203,2865,0,147;
204,5188,0,116;
205,3788,0,111;
206,3788,0,99;
207,9306,0,117;
208,9298,0,81;
209,9297,0,81;
210,9291,0,70;
211,6624,0,112;
212,9341,0,137;
213,6222,0,150;
214,9357,0,130;
215,9321,0,100;
216,9319,0,115;
217,5092,0,125;
218,9308,0,126;
219,10994,0,140;
220,8418,0,126;
221,9324,0,132;
222,5723,0,141;
223,98,0,132;
224,2085,0,118;
225,9324,0,119;
226,98,0,143;
227,2620,0,124;
228,4656,0,122;
229,3965,0,120;
230,9113,0,153;
231,14042,0,140;
232,3980,0,128;
233,8845,0,135;
234,11998,0,135;
235,13710,0,142;
236,3157,0,125;
237,5052,0,134;
238,5827,0,138;
239,4436,0,118;
240,4380,0,111;
241,12174,0,89;
242,2674,0,137;
243,9343,0,121;
]

**********Match results**********
Index 	Index 	distance
in img1	in img2
33	3626	27
54	3667	31
5	3559	41
31	3638	42
30	3637	42
28	3625	42
16	3600	42
21	3589	43
19	3590	44
61	3666	47
60	3667	48
77	3707	49
35	3626	50
71	3707	52
75	3726	52
56	3669	52
53	9214	52
2	3551	53
188	3637	53
34	3625	54
36	3627	55
55	3666	56
17	3587	58
18	3588	59
58	3693	61
37	9198	64
6	3551	65
52	9248	65
46	3704	66
74	3726	66
0	0	0
*itMatcher : BruteForce-Hamming(2)
Brisk matching time : 1.99432
[33,3626,0,26;
54,3667,0,31;
5,3559,0,36;
19,3590,0,37;
30,3637,0,37;
31,3638,0,38;
28,3625,0,39;
16,3600,0,39;
21,3589,0,42;
61,3666,0,44;
53,9214,0,45;
35,3626,0,45;
60,3669,0,46;
188,3637,0,47;
77,3707,0,47;
34,3625,0,49;
56,3669,0,49;
2,3551,0,49;
36,3625,0,50;
71,3707,0,50;
55,3666,0,50;
75,3726,0,51;
18,3588,0,53;
58,3693,0,54;
17,3587,0,55;
52,9248,0,57;
6,3551,0,58;
46,3704,0,59;
22,3572,0,60;
37,9198,0,60;
0,0,0,0;
]

Matches : [0,3456,0,111;
1,6098,0,86;
2,3551,0,49;
3,3544,0,81;
4,3544,0,95;
5,3559,0,36;
6,3551,0,58;
7,6031,0,105;
8,11334,0,100;
9,3601,0,87;
10,7119,0,112;
11,1263,0,104;
12,11549,0,101;
13,9181,0,83;
14,3618,0,90;
15,11679,0,94;
16,3600,0,39;
17,3587,0,55;
18,3588,0,53;
19,3590,0,37;
20,9181,0,61;
21,3589,0,42;
22,3572,0,60;
23,6837,0,84;
24,86,0,83;
25,3662,0,86;
26,3663,0,100;
27,9214,0,93;
28,3625,0,39;
29,10403,0,82;
30,3637,0,37;
31,3638,0,38;
32,5081,0,85;
33,3626,0,26;
34,3625,0,49;
35,3626,0,45;
36,3625,0,50;
37,9198,0,60;
38,13744,0,89;
39,86,0,89;
40,13260,0,101;
41,1261,0,99;
42,4217,0,99;
43,3669,0,77;
44,5831,0,88;
45,5081,0,73;
46,3704,0,59;
47,11199,0,95;
48,9306,0,100;
49,1936,0,91;
50,3720,0,89;
51,3669,0,89;
52,9248,0,57;
53,9214,0,45;
54,3667,0,31;
55,3666,0,50;
56,3669,0,49;
57,3650,0,77;
58,3693,0,54;
59,3725,0,92;
60,3669,0,46;
61,3666,0,44;
62,8867,0,107;
63,924,0,107;
64,6672,0,102;
65,7573,0,92;
66,7279,0,101;
67,7616,0,93;
68,3725,0,90;
69,6775,0,104;
70,7249,0,87;
71,3707,0,50;
72,6925,0,104;
73,3727,0,78;
74,3726,0,64;
75,3726,0,51;
76,3725,0,62;
77,3707,0,47;
78,3727,0,100;
79,10324,0,96;
80,3223,0,101;
81,10468,0,96;
82,5391,0,98;
83,7036,0,103;
84,9429,0,98;
85,3203,0,106;
86,664,0,98;
87,5540,0,99;
88,2865,0,114;
89,10447,0,94;
90,3788,0,78;
91,3819,0,97;
92,3818,0,78;
93,3788,0,97;
94,7797,0,102;
95,3819,0,106;
96,5691,0,110;
97,3818,0,77;
98,3788,0,70;
99,3705,0,105;
100,468,0,112;
101,6546,0,104;
102,9319,0,94;
103,6906,0,100;
104,1015,0,105;
105,607,0,104;
106,3141,0,110;
107,11790,0,117;
108,3898,0,99;
109,4038,0,117;
110,7915,0,108;
111,9054,0,112;
112,3882,0,104;
113,4316,0,111;
114,5236,0,114;
115,3894,0,99;
116,3882,0,88;
117,3881,0,96;
118,3881,0,79;
119,14815,0,110;
120,1774,0,99;
121,5705,0,119;
122,3959,0,108;
123,3898,0,98;
124,12562,0,114;
125,4698,0,123;
126,9903,0,125;
127,11173,0,112;
128,5356,0,117;
129,3914,0,98;
130,15237,0,117;
131,10982,0,108;
132,871,0,95;
133,232,0,109;
134,7837,0,116;
135,11199,0,104;
136,15186,0,111;
137,3965,0,92;
138,5092,0,112;
139,3687,0,107;
140,4019,0,116;
141,13742,0,102;
142,5092,0,109;
143,14042,0,108;
144,4019,0,85;
145,3980,0,106;
146,3979,0,97;
147,3965,0,88;
148,3963,0,86;
149,3981,0,108;
150,3964,0,103;
151,7285,0,114;
152,3979,0,96;
153,9950,0,106;
154,9846,0,106;
155,10521,0,120;
156,5718,0,106;
157,10657,0,111;
158,11611,0,113;
159,9580,0,111;
160,7067,0,109;
161,6347,0,107;
162,9950,0,104;
163,4844,0,94;
164,11473,0,111;
165,9045,0,106;
166,4026,0,82;
167,4039,0,100;
168,4010,0,93;
169,9950,0,109;
170,14153,0,107;
171,4068,0,97;
172,11737,0,108;
173,11260,0,118;
174,8986,0,110;
175,1496,0,115;
176,12378,0,112;
177,14954,0,95;
178,4086,0,81;
179,6232,0,120;
180,4086,0,78;
181,4086,0,71;
182,4087,0,72;
183,4088,0,75;
184,4086,0,68;
185,6498,0,105;
186,6683,0,107;
187,5722,0,110;
188,3637,0,47;
189,3638,0,70;
190,3626,0,71;
191,13194,0,77;
192,3072,0,106;
193,9224,0,66;
194,9223,0,70;
195,2421,0,109;
196,7476,0,97;
197,9240,0,92;
198,14486,0,114;
199,1073,0,115;
200,1147,0,113;
201,9265,0,70;
202,3777,0,65;
203,14369,0,118;
204,4380,0,97;
205,3788,0,96;
206,3788,0,82;
207,9306,0,95;
208,9298,0,69;
209,9297,0,71;
210,9291,0,64;
211,6624,0,99;
212,9341,0,113;
213,6222,0,117;
214,9357,0,97;
215,9321,0,83;
216,9319,0,92;
217,7118,0,99;
218,9308,0,100;
219,14991,0,113;
220,8418,0,101;
221,9324,0,100;
222,5723,0,106;
223,98,0,106;
224,2085,0,100;
225,9324,0,104;
226,4038,0,111;
227,14666,0,97;
228,4656,0,100;
229,3965,0,94;
230,226,0,117;
231,15213,0,113;
232,3980,0,109;
233,6924,0,108;
234,11998,0,111;
235,11998,0,110;
236,3157,0,96;
237,5052,0,109;
238,1542,0,115;
239,4436,0,95;
240,4380,0,93;
241,12174,0,75;
242,14621,0,109;
243,9343,0,96;
]

**********Match results**********
Index 	Index 	distance
in img1	in img2
33	3626	26
54	3667	31
5	3559	36
19	3590	37
30	3637	37
31	3638	38
28	3625	39
16	3600	39
21	3589	42
61	3666	44
53	9214	45
35	3626	45
60	3669	46
188	3637	47
77	3707	47
34	3625	49
56	3669	49
2	3551	49
36	3625	50
71	3707	50
55	3666	50
75	3726	51
18	3588	53
58	3693	54
17	3587	55
52	9248	57
6	3551	58
46	3704	59
22	3572	60
37	9198	60
0	0	0
extract time : 4.64305
**************************************************************************
It's strange. You shouldn't use L1 or L2 distance for a binary descriptor
**************************************************************************
*itMatcher : BruteForce
Brisk matching time : 3.37647
[19,3590,0,258.556;
54,3669,0,303.87;
33,3626,0,328.137;
28,3625,0,329.774;
16,3600,0,348.406;
71,3707,0,356.094;
36,3625,0,359.632;
37,9198,0,373.901;
52,3669,0,374.373;
75,3726,0,375.237;
31,3638,0,383.226;
5,3559,0,386.577;
21,3589,0,388.556;
56,3669,0,390.871;
35,3626,0,391.952;
17,3587,0,397.222;
30,3637,0,402.433;
193,9224,0,407.79;
60,3667,0,409.9;
2,3551,0,414.402;
77,3707,0,416.121;
53,9214,0,422.021;
188,3637,0,427.355;
18,3590,0,441.186;
210,9291,0,441.819;
73,3727,0,442.942;
74,3723,0,443.348;
76,3725,0,453.277;
61,3694,0,458.126;
43,5659,0,462.771;
0,0,0,0;
]

Matches : [0,6917,0,739.33;
1,5709,0,621.86;
2,3551,0,414.402;
3,3544,0,583.836;
4,3824,0,591.295;
5,3559,0,386.577;
6,3551,0,614.483;
7,14733,0,745.36;
8,11334,0,615.223;
9,41,0,585.005;
10,13052,0,595.582;
11,12626,0,602.098;
12,13556,0,551.148;
13,11542,0,510.819;
14,3618,0,477.434;
15,12308,0,589.678;
16,3600,0,348.406;
17,3587,0,397.222;
18,3590,0,441.186;
19,3590,0,258.556;
20,3573,0,493.785;
21,3589,0,388.556;
22,3572,0,563.697;
23,6837,0,494.162;
24,11542,0,541.743;
25,9520,0,593.017;
26,5512,0,675.306;
27,12359,0,545.097;
28,3625,0,329.774;
29,41,0,551.059;
30,3637,0,402.433;
31,3638,0,383.226;
32,6765,0,609.434;
33,3626,0,328.137;
34,3625,0,508.33;
35,3626,0,391.952;
36,3625,0,359.632;
37,9198,0,373.901;
38,12561,0,605.747;
39,7479,0,685.033;
40,4940,0,615.952;
41,3051,0,664.679;
42,5411,0,698.984;
43,5659,0,462.771;
44,3141,0,611.418;
45,5081,0,583.976;
46,9238,0,469.549;
47,10580,0,650.598;
48,9482,0,643.147;
49,7185,0,624.183;
50,4272,0,650.693;
51,3692,0,534.563;
52,3669,0,374.373;
53,9214,0,422.021;
54,3669,0,303.87;
55,3666,0,531.714;
56,3669,0,390.871;
57,6238,0,527.701;
58,3693,0,473.131;
59,10918,0,575.078;
60,3667,0,409.9;
61,3694,0,458.126;
62,3640,0,672.698;
63,6756,0,584.735;
64,6907,0,640.914;
65,12600,0,568.146;
66,14323,0,606.408;
67,15185,0,566.63;
68,3727,0,619.171;
69,6775,0,626.629;
70,7249,0,613.896;
71,3707,0,356.094;
72,6487,0,587.055;
73,3727,0,442.942;
74,3723,0,443.348;
75,3726,0,375.237;
76,3725,0,453.277;
77,3707,0,416.121;
78,1003,0,594.003;
79,3769,0,655.15;
80,5895,0,684.31;
81,14536,0,571.727;
82,5391,0,627.85;
83,13554,0,638.432;
84,14536,0,597.124;
85,1769,0,600.357;
86,7931,0,622.001;
87,14602,0,596.518;
88,11174,0,668.395;
89,1317,0,607.822;
90,3838,0,511.618;
91,11003,0,622.242;
92,4088,0,537.53;
93,614,0,629.682;
94,9522,0,615.588;
95,3648,0,620.221;
96,11727,0,682.493;
97,3803,0,531.033;
98,3838,0,583.958;
99,11313,0,619.266;
100,8127,0,598.836;
101,6546,0,586.561;
102,5092,0,635.82;
103,1928,0,657.318;
104,898,0,633.433;
105,2693,0,603.865;
106,13307,0,633.558;
107,8276,0,637.232;
108,9334,0,664.897;
109,14192,0,720.987;
110,854,0,613.336;
111,3085,0,646.462;
112,3882,0,725.528;
113,3941,0,682.551;
114,7805,0,674.649;
115,3894,0,646.393;
116,3882,0,550.164;
117,3881,0,595.407;
118,3881,0,593.276;
119,9903,0,692.797;
120,1455,0,615.791;
121,6664,0,707.136;
122,11362,0,658.048;
123,9334,0,636.673;
124,3722,0,632.599;
125,5265,0,658.332;
126,9903,0,591.643;
127,11173,0,628;
128,5356,0,562.356;
129,3896,0,624.139;
130,5425,0,568.548;
131,12552,0,569.366;
132,258,0,617.573;
133,6928,0,610.548;
134,14706,0,732.091;
135,3143,0,654.769;
136,5804,0,644.746;
137,1765,0,640.858;
138,3951,0,597.87;
139,8741,0,632.381;
140,3411,0,684.838;
141,13742,0,609.887;
142,3951,0,713.082;
143,1318,0,668.625;
144,4019,0,623.259;
145,3980,0,643.616;
146,3979,0,635.349;
147,4774,0,606.428;
148,3963,0,536.744;
149,2669,0,671.436;
150,3964,0,701.319;
151,14110,0,698.86;
152,3979,0,606.482;
153,3998,0,574.972;
154,12827,0,708.733;
155,9943,0,671.484;
156,7355,0,693.962;
157,6957,0,754.913;
158,267,0,542.338;
159,8352,0,664.175;
160,10649,0,655.325;
161,6347,0,623.221;
162,3998,0,574.295;
163,4844,0,641.716;
164,11497,0,634.664;
165,10539,0,677.632;
166,4026,0,516.734;
167,3998,0,664.126;
168,2204,0,623.282;
169,12682,0,643.989;
170,12113,0,601.988;
171,11459,0,575.194;
172,8790,0,559.086;
173,3418,0,666.795;
174,11796,0,666.36;
175,6111,0,621.05;
176,9140,0,644.307;
177,11097,0,557;
178,13296,0,565.097;
179,5581,0,657.409;
180,4110,0,517.738;
181,11532,0,507.962;
182,4591,0,562.726;
183,4591,0,476.615;
184,4086,0,511.312;
185,9086,0,614.415;
186,12327,0,619.057;
187,12327,0,651.465;
188,3637,0,427.355;
189,3638,0,616.661;
190,3626,0,493.762;
191,3639,0,552.531;
192,14123,0,578.304;
193,9224,0,407.79;
194,9216,0,472.748;
195,1306,0,611.429;
196,12600,0,565.423;
197,14157,0,600.068;
198,12160,0,577.999;
199,12202,0,728.262;
200,2179,0,643.132;
201,9265,0,530.15;
202,9267,0,516.558;
203,14369,0,666.943;
204,4380,0,512.909;
205,3564,0,575.938;
206,4086,0,538.024;
207,5135,0,614.463;
208,7894,0,508.824;
209,9297,0,475.136;
210,9291,0,441.819;
211,4454,0,652.123;
212,6096,0,648.148;
213,11313,0,609.946;
214,9357,0,548.223;
215,9321,0,596.134;
216,9319,0,617.65;
217,5092,0,626.853;
218,2249,0,645.677;
219,13657,0,636.611;
220,2616,0,668.702;
221,1366,0,680.794;
222,4003,0,613.177;
223,5090,0,696.46;
224,12433,0,639.926;
225,6977,0,632.935;
226,2764,0,668.148;
227,2087,0,610.776;
228,2620,0,589.889;
229,11583,0,645.477;
230,9157,0,678.349;
231,3817,0,673.331;
232,11524,0,625.557;
233,2672,0,642.592;
234,11998,0,667.637;
235,6953,0,711.77;
236,3130,0,641.634;
237,9799,0,583.868;
238,11315,0,617.689;
239,2075,0,517.083;
240,4380,0,528.411;
241,12174,0,550.373;
242,2674,0,672.544;
243,5087,0,661.772;
]

**********Match results**********
Index 	Index 	distance
in img1	in img2
19	3590	258.556
54	3669	303.87
33	3626	328.137
28	3625	329.774
16	3600	348.406
71	3707	356.094
36	3625	359.632
37	9198	373.901
52	3669	374.373
75	3726	375.237
31	3638	383.226
5	3559	386.577
21	3589	388.556
56	3669	390.871
35	3626	391.952
17	3587	397.222
30	3637	402.433
193	9224	407.79
60	3667	409.9
2	3551	414.402
77	3707	416.121
53	9214	422.021
188	3637	427.355
18	3590	441.186
210	9291	441.819
73	3727	442.942
74	3723	443.348
76	3725	453.277
61	3694	458.126
43	5659	462.771
0	0	0
**************************************************************************
It's strange. You shouldn't use L1 or L2 distance for a binary descriptor
**************************************************************************
*itMatcher : BruteForce-L1
Brisk matching time : 1.93692
[19,3590,0,853;
54,3667,0,1027;
33,3626,0,1066;
28,3625,0,1149;
31,3638,0,1240;
36,3625,0,1281;
5,3559,0,1308;
71,3707,0,1401;
16,3600,0,1407;
35,3626,0,1438;
30,3637,0,1440;
37,9198,0,1494;
21,3589,0,1532;
75,3726,0,1555;
56,3669,0,1574;
53,9214,0,1582;
77,3707,0,1601;
17,3587,0,1617;
193,9224,0,1645;
18,3588,0,1674;
60,3669,0,1682;
188,3637,0,1702;
2,3551,0,1799;
52,3669,0,1875;
194,9216,0,1885;
76,3725,0,1896;
58,3693,0,1929;
20,3587,0,1945;
210,9291,0,1950;
61,3666,0,1999;
0,0,0,0;
]

Matches : [0,6917,0,4113;
1,5709,0,2980;
2,3551,0,1799;
3,3544,0,2779;
4,3824,0,3012;
5,3559,0,1308;
6,3551,0,2959;
7,4390,0,3947;
8,8036,0,3217;
9,41,0,2983;
10,13052,0,3064;
11,12626,0,3044;
12,11549,0,2713;
13,3614,0,2421;
14,3618,0,2617;
15,12308,0,3084;
16,3600,0,1407;
17,3587,0,1617;
18,3588,0,1674;
19,3590,0,853;
20,3587,0,1945;
21,3589,0,1532;
22,3572,0,2616;
23,6837,0,2476;
24,10442,0,2528;
25,3662,0,3191;
26,9065,0,3773;
27,12359,0,2889;
28,3625,0,1149;
29,10403,0,2468;
30,3637,0,1440;
31,3638,0,1240;
32,5081,0,3083;
33,3626,0,1066;
34,3625,0,2023;
35,3626,0,1438;
36,3625,0,1281;
37,9198,0,1494;
38,12561,0,3045;
39,7479,0,3690;
40,4940,0,3263;
41,3051,0,3502;
42,13416,0,3677;
43,5659,0,2225;
44,5325,0,3258;
45,5081,0,2564;
46,9238,0,2038;
47,10580,0,3292;
48,9306,0,3305;
49,5073,0,3320;
50,7411,0,3096;
51,3692,0,2664;
52,3669,0,1875;
53,9214,0,1582;
54,3667,0,1027;
55,3666,0,2120;
56,3669,0,1574;
57,3650,0,2523;
58,3693,0,1929;
59,10918,0,3021;
60,3669,0,1682;
61,3666,0,1999;
62,979,0,3695;
63,6756,0,3129;
64,5871,0,3400;
65,13886,0,2906;
66,9451,0,3322;
67,15185,0,3074;
68,3727,0,3283;
69,6775,0,3234;
70,7249,0,2718;
71,3707,0,1401;
72,6156,0,2899;
73,3727,0,2082;
74,3723,0,2053;
75,3726,0,1555;
76,3725,0,1896;
77,3707,0,1601;
78,1003,0,3000;
79,10324,0,3429;
80,5895,0,3738;
81,2993,0,2761;
82,5391,0,3138;
83,713,0,3338;
84,2993,0,3018;
85,1769,0,3189;
86,6678,0,3338;
87,4236,0,3207;
88,11174,0,3768;
89,10447,0,3018;
90,3838,0,2485;
91,3819,0,3309;
92,4088,0,2662;
93,3838,0,3289;
94,7797,0,3007;
95,8170,0,3238;
96,8544,0,3797;
97,3787,0,2686;
98,3838,0,2783;
99,11313,0,3406;
100,8127,0,3398;
101,6546,0,3010;
102,5092,0,3207;
103,6906,0,3378;
104,898,0,3471;
105,2693,0,3413;
106,840,0,3494;
107,8276,0,3324;
108,11855,0,3671;
109,4038,0,3939;
110,6744,0,3451;
111,3085,0,3557;
112,3882,0,3913;
113,3915,0,3751;
114,7805,0,3627;
115,3894,0,3442;
116,3882,0,2868;
117,3881,0,3162;
118,3881,0,3007;
119,9903,0,3759;
120,1455,0,3432;
121,7121,0,3798;
122,3959,0,3633;
123,9334,0,3573;
124,12114,0,3506;
125,9903,0,3661;
126,9903,0,3379;
127,11173,0,3324;
128,5356,0,3120;
129,3896,0,3347;
130,5425,0,3159;
131,11104,0,2980;
132,258,0,3104;
133,6928,0,3403;
134,6445,0,4177;
135,7306,0,3496;
136,5804,0,3609;
137,3965,0,3180;
138,3951,0,3320;
139,3687,0,3493;
140,6147,0,3878;
141,13742,0,3264;
142,3951,0,3856;
143,3220,0,3535;
144,4019,0,2918;
145,3980,0,3250;
146,3979,0,3085;
147,4774,0,3049;
148,3963,0,2672;
149,2669,0,3564;
150,3964,0,3828;
151,14110,0,3959;
152,3979,0,2923;
153,3998,0,2999;
154,252,0,3874;
155,7738,0,3914;
156,6683,0,3501;
157,7142,0,3987;
158,267,0,3084;
159,9551,0,3802;
160,7067,0,3433;
161,6347,0,3328;
162,3998,0,3021;
163,4844,0,3111;
164,11497,0,3299;
165,1638,0,3509;
166,4026,0,2236;
167,6938,0,3433;
168,2204,0,3123;
169,12682,0,3552;
170,4518,0,3381;
171,11459,0,3038;
172,8790,0,3057;
173,2504,0,3658;
174,8259,0,3763;
175,6538,0,3387;
176,9140,0,3681;
177,14954,0,2785;
178,4086,0,2734;
179,4933,0,3838;
180,4110,0,2297;
181,2773,0,2511;
182,11378,0,2699;
183,4591,0,2394;
184,4086,0,2278;
185,13371,0,3355;
186,12327,0,3248;
187,12327,0,3233;
188,3637,0,1702;
189,3638,0,2711;
190,3626,0,2159;
191,13194,0,2837;
192,4940,0,2744;
193,9224,0,1645;
194,9216,0,1885;
195,7118,0,3047;
196,13886,0,2919;
197,9240,0,3344;
198,12160,0,3105;
199,12442,0,3867;
200,7838,0,3684;
201,9265,0,2555;
202,3777,0,2495;
203,14369,0,3717;
204,4380,0,2772;
205,3564,0,2927;
206,4086,0,2766;
207,5135,0,3065;
208,9298,0,2578;
209,9297,0,2068;
210,9291,0,1950;
211,6624,0,3666;
212,9341,0,3375;
213,11313,0,3380;
214,9357,0,2658;
215,9321,0,2890;
216,9319,0,2900;
217,5092,0,3181;
218,5092,0,3480;
219,13657,0,3606;
220,9359,0,3611;
221,9324,0,3350;
222,4003,0,3304;
223,2828,0,3762;
224,2085,0,3097;
225,6977,0,3355;
226,2764,0,3740;
227,11003,0,3303;
228,2620,0,3109;
229,6414,0,3644;
230,7807,0,3643;
231,3817,0,3783;
232,11524,0,3267;
233,8845,0,3422;
234,11998,0,3657;
235,6953,0,3790;
236,810,0,3353;
237,9799,0,3226;
238,11315,0,3254;
239,2075,0,2645;
240,5188,0,2761;
241,12174,0,2582;
242,2674,0,3627;
243,2085,0,3413;
]

**********Match results**********
Index 	Index 	distance
in img1	in img2
19	3590	853
54	3667	1027
33	3626	1066
28	3625	1149
31	3638	1240
36	3625	1281
5	3559	1308
71	3707	1401
16	3600	1407
35	3626	1438
30	3637	1440
37	9198	1494
21	3589	1532
75	3726	1555
56	3669	1574
53	9214	1582
77	3707	1601
17	3587	1617
193	9224	1645
18	3588	1674
60	3669	1682
188	3637	1702
2	3551	1799
52	3669	1875
194	9216	1885
76	3725	1896
58	3693	1929
20	3587	1945
210	9291	1950
61	3666	1999
0	0	0
*itMatcher : BruteForce-Hamming
Brisk matching time : 2.06636
[33,3626,0,27;
54,3667,0,31;
5,3559,0,41;
31,3638,0,42;
30,3637,0,42;
28,3625,0,42;
16,3600,0,42;
21,3589,0,43;
19,3590,0,44;
61,3666,0,47;
60,3667,0,48;
77,3707,0,49;
35,3626,0,50;
71,3707,0,52;
75,3726,0,52;
56,3669,0,52;
53,9214,0,52;
2,3551,0,53;
188,3637,0,53;
34,3625,0,54;
36,3627,0,55;
55,3666,0,56;
17,3587,0,58;
18,3588,0,59;
58,3693,0,61;
37,9198,0,64;
6,3551,0,65;
52,9248,0,65;
46,3704,0,66;
74,3726,0,66;
0,0,0,0;
]

Matches : [0,3456,0,135;
1,6098,0,105;
2,3551,0,53;
3,3544,0,96;
4,3544,0,116;
5,3559,0,41;
6,3551,0,65;
7,6031,0,128;
8,8036,0,120;
9,3601,0,103;
10,7119,0,130;
11,1873,0,127;
12,13556,0,116;
13,9181,0,97;
14,9193,0,98;
15,9194,0,115;
16,3600,0,42;
17,3587,0,58;
18,3588,0,59;
19,3590,0,44;
20,9181,0,69;
21,3589,0,43;
22,3572,0,69;
23,6837,0,94;
24,86,0,98;
25,3662,0,105;
26,3663,0,128;
27,3664,0,117;
28,3625,0,42;
29,10403,0,96;
30,3637,0,42;
31,3638,0,42;
32,5930,0,101;
33,3626,0,27;
34,3625,0,54;
35,3626,0,50;
36,3627,0,55;
37,9198,0,64;
38,7402,0,113;
39,86,0,110;
40,6432,0,124;
41,12664,0,124;
42,4217,0,131;
43,3667,0,94;
44,7873,0,107;
45,5081,0,93;
46,3704,0,66;
47,10580,0,120;
48,3856,0,120;
49,518,0,116;
50,3720,0,110;
51,3692,0,106;
52,9248,0,65;
53,9214,0,52;
54,3667,0,31;
55,3666,0,56;
56,3669,0,52;
57,3650,0,85;
58,3693,0,61;
59,3725,0,107;
60,3667,0,48;
61,3666,0,47;
62,8867,0,132;
63,2507,0,128;
64,6672,0,120;
65,7476,0,108;
66,7508,0,127;
67,7616,0,110;
68,3725,0,106;
69,6775,0,127;
70,7249,0,110;
71,3707,0,52;
72,6925,0,133;
73,3727,0,86;
74,3726,0,66;
75,3726,0,52;
76,3725,0,67;
77,3707,0,49;
78,3727,0,108;
79,10324,0,112;
80,3223,0,126;
81,10468,0,117;
82,5391,0,114;
83,857,0,122;
84,8643,0,124;
85,3203,0,126;
86,6678,0,127;
87,1263,0,125;
88,2865,0,144;
89,10447,0,122;
90,3788,0,88;
91,3819,0,112;
92,3818,0,91;
93,3788,0,116;
94,7057,0,128;
95,3819,0,125;
96,12016,0,135;
97,3818,0,88;
98,3788,0,82;
99,783,0,133;
100,8121,0,136;
101,6546,0,121;
102,9308,0,121;
103,6906,0,125;
104,1015,0,130;
105,607,0,130;
106,264,0,133;
107,15151,0,153;
108,3898,0,114;
109,6624,0,143;
110,9580,0,130;
111,1656,0,143;
112,3882,0,127;
113,3801,0,144;
114,7805,0,139;
115,3894,0,112;
116,3882,0,102;
117,3881,0,113;
118,3881,0,93;
119,98,0,152;
120,1774,0,125;
121,5705,0,151;
122,3959,0,136;
123,3898,0,119;
124,12562,0,138;
125,3518,0,143;
126,9903,0,154;
127,11173,0,134;
128,5356,0,139;
129,3914,0,120;
130,1333,0,132;
131,10982,0,133;
132,871,0,119;
133,232,0,133;
134,7837,0,147;
135,7306,0,132;
136,15186,0,134;
137,3965,0,113;
138,5092,0,134;
139,4036,0,134;
140,4019,0,149;
141,13742,0,121;
142,5092,0,141;
143,14042,0,130;
144,4019,0,101;
145,3980,0,123;
146,3979,0,118;
147,3965,0,109;
148,3963,0,97;
149,11998,0,132;
150,3964,0,124;
151,14853,0,156;
152,3979,0,113;
153,9950,0,130;
154,3856,0,135;
155,10521,0,146;
156,5718,0,130;
157,7786,0,140;
158,4086,0,138;
159,12253,0,139;
160,7067,0,133;
161,1512,0,141;
162,9950,0,128;
163,4844,0,113;
164,6168,0,135;
165,4040,0,126;
166,3998,0,98;
167,4039,0,121;
168,4010,0,107;
169,9950,0,136;
170,14153,0,133;
171,4068,0,116;
172,12837,0,132;
173,158,0,141;
174,8986,0,141;
175,6340,0,141;
176,12378,0,139;
177,12008,0,119;
178,4086,0,93;
179,12481,0,151;
180,4086,0,93;
181,4086,0,80;
182,4087,0,85;
183,4088,0,82;
184,4086,0,72;
185,12226,0,134;
186,6683,0,139;
187,5722,0,141;
188,3637,0,53;
189,3638,0,83;
190,3626,0,82;
191,13194,0,96;
192,4940,0,124;
193,9224,0,77;
194,9215,0,80;
195,2421,0,138;
196,7476,0,110;
197,9240,0,102;
198,14486,0,135;
199,12202,0,147;
200,1147,0,135;
201,9265,0,77;
202,3777,0,73;
203,2865,0,147;
204,5188,0,116;
205,3788,0,111;
206,3788,0,99;
207,9306,0,117;
208,9298,0,81;
209,9297,0,81;
210,9291,0,70;
211,6624,0,112;
212,9341,0,137;
213,6222,0,150;
214,9357,0,130;
215,9321,0,100;
216,9319,0,115;
217,5092,0,125;
218,9308,0,126;
219,10994,0,140;
220,8418,0,126;
221,9324,0,132;
222,5723,0,141;
223,98,0,132;
224,2085,0,118;
225,9324,0,119;
226,98,0,143;
227,2620,0,124;
228,4656,0,122;
229,3965,0,120;
230,9113,0,153;
231,14042,0,140;
232,3980,0,128;
233,8845,0,135;
234,11998,0,135;
235,13710,0,142;
236,3157,0,125;
237,5052,0,134;
238,5827,0,138;
239,4436,0,118;
240,4380,0,111;
241,12174,0,89;
242,2674,0,137;
243,9343,0,121;
]

**********Match results**********
Index 	Index 	distance
in img1	in img2
33	3626	27
54	3667	31
5	3559	41
31	3638	42
30	3637	42
28	3625	42
16	3600	42
21	3589	43
19	3590	44
61	3666	47
60	3667	48
77	3707	49
35	3626	50
71	3707	52
75	3726	52
56	3669	52
53	9214	52
2	3551	53
188	3637	53
34	3625	54
36	3627	55
55	3666	56
17	3587	58
18	3588	59
58	3693	61
37	9198	64
6	3551	65
52	9248	65
46	3704	66
74	3726	66
0	0	0
*itMatcher : BruteForce-Hamming(2)
Brisk matching time : 1.98395
[33,3626,0,26;
54,3667,0,31;
5,3559,0,36;
19,3590,0,37;
30,3637,0,37;
31,3638,0,38;
28,3625,0,39;
16,3600,0,39;
21,3589,0,42;
61,3666,0,44;
53,9214,0,45;
35,3626,0,45;
60,3669,0,46;
188,3637,0,47;
77,3707,0,47;
34,3625,0,49;
56,3669,0,49;
2,3551,0,49;
36,3625,0,50;
71,3707,0,50;
55,3666,0,50;
75,3726,0,51;
18,3588,0,53;
58,3693,0,54;
17,3587,0,55;
52,9248,0,57;
6,3551,0,58;
46,3704,0,59;
22,3572,0,60;
37,9198,0,60;
0,0,0,0;
]

Matches : [0,3456,0,111;
1,6098,0,86;
2,3551,0,49;
3,3544,0,81;
4,3544,0,95;
5,3559,0,36;
6,3551,0,58;
7,6031,0,105;
8,11334,0,100;
9,3601,0,87;
10,7119,0,112;
11,1263,0,104;
12,11549,0,101;
13,9181,0,83;
14,3618,0,90;
15,11679,0,94;
16,3600,0,39;
17,3587,0,55;
18,3588,0,53;
19,3590,0,37;
20,9181,0,61;
21,3589,0,42;
22,3572,0,60;
23,6837,0,84;
24,86,0,83;
25,3662,0,86;
26,3663,0,100;
27,9214,0,93;
28,3625,0,39;
29,10403,0,82;
30,3637,0,37;
31,3638,0,38;
32,5081,0,85;
33,3626,0,26;
34,3625,0,49;
35,3626,0,45;
36,3625,0,50;
37,9198,0,60;
38,13744,0,89;
39,86,0,89;
40,13260,0,101;
41,1261,0,99;
42,4217,0,99;
43,3669,0,77;
44,5831,0,88;
45,5081,0,73;
46,3704,0,59;
47,11199,0,95;
48,9306,0,100;
49,1936,0,91;
50,3720,0,89;
51,3669,0,89;
52,9248,0,57;
53,9214,0,45;
54,3667,0,31;
55,3666,0,50;
56,3669,0,49;
57,3650,0,77;
58,3693,0,54;
59,3725,0,92;
60,3669,0,46;
61,3666,0,44;
62,8867,0,107;
63,924,0,107;
64,6672,0,102;
65,7573,0,92;
66,7279,0,101;
67,7616,0,93;
68,3725,0,90;
69,6775,0,104;
70,7249,0,87;
71,3707,0,50;
72,6925,0,104;
73,3727,0,78;
74,3726,0,64;
75,3726,0,51;
76,3725,0,62;
77,3707,0,47;
78,3727,0,100;
79,10324,0,96;
80,3223,0,101;
81,10468,0,96;
82,5391,0,98;
83,7036,0,103;
84,9429,0,98;
85,3203,0,106;
86,664,0,98;
87,5540,0,99;
88,2865,0,114;
89,10447,0,94;
90,3788,0,78;
91,3819,0,97;
92,3818,0,78;
93,3788,0,97;
94,7797,0,102;
95,3819,0,106;
96,5691,0,110;
97,3818,0,77;
98,3788,0,70;
99,3705,0,105;
100,468,0,112;
101,6546,0,104;
102,9319,0,94;
103,6906,0,100;
104,1015,0,105;
105,607,0,104;
106,3141,0,110;
107,11790,0,117;
108,3898,0,99;
109,4038,0,117;
110,7915,0,108;
111,9054,0,112;
112,3882,0,104;
113,4316,0,111;
114,5236,0,114;
115,3894,0,99;
116,3882,0,88;
117,3881,0,96;
118,3881,0,79;
119,14815,0,110;
120,1774,0,99;
121,5705,0,119;
122,3959,0,108;
123,3898,0,98;
124,12562,0,114;
125,4698,0,123;
126,9903,0,125;
127,11173,0,112;
128,5356,0,117;
129,3914,0,98;
130,15237,0,117;
131,10982,0,108;
132,871,0,95;
133,232,0,109;
134,7837,0,116;
135,11199,0,104;
136,15186,0,111;
137,3965,0,92;
138,5092,0,112;
139,3687,0,107;
140,4019,0,116;
141,13742,0,102;
142,5092,0,109;
143,14042,0,108;
144,4019,0,85;
145,3980,0,106;
146,3979,0,97;
147,3965,0,88;
148,3963,0,86;
149,3981,0,108;
150,3964,0,103;
151,7285,0,114;
152,3979,0,96;
153,9950,0,106;
154,9846,0,106;
155,10521,0,120;
156,5718,0,106;
157,10657,0,111;
158,11611,0,113;
159,9580,0,111;
160,7067,0,109;
161,6347,0,107;
162,9950,0,104;
163,4844,0,94;
164,11473,0,111;
165,9045,0,106;
166,4026,0,82;
167,4039,0,100;
168,4010,0,93;
169,9950,0,109;
170,14153,0,107;
171,4068,0,97;
172,11737,0,108;
173,11260,0,118;
174,8986,0,110;
175,1496,0,115;
176,12378,0,112;
177,14954,0,95;
178,4086,0,81;
179,6232,0,120;
180,4086,0,78;
181,4086,0,71;
182,4087,0,72;
183,4088,0,75;
184,4086,0,68;
185,6498,0,105;
186,6683,0,107;
187,5722,0,110;
188,3637,0,47;
189,3638,0,70;
190,3626,0,71;
191,13194,0,77;
192,3072,0,106;
193,9224,0,66;
194,9223,0,70;
195,2421,0,109;
196,7476,0,97;
197,9240,0,92;
198,14486,0,114;
199,1073,0,115;
200,1147,0,113;
201,9265,0,70;
202,3777,0,65;
203,14369,0,118;
204,4380,0,97;
205,3788,0,96;
206,3788,0,82;
207,9306,0,95;
208,9298,0,69;
209,9297,0,71;
210,9291,0,64;
211,6624,0,99;
212,9341,0,113;
213,6222,0,117;
214,9357,0,97;
215,9321,0,83;
216,9319,0,92;
217,7118,0,99;
218,9308,0,100;
219,14991,0,113;
220,8418,0,101;
221,9324,0,100;
222,5723,0,106;
223,98,0,106;
224,2085,0,100;
225,9324,0,104;
226,4038,0,111;
227,14666,0,97;
228,4656,0,100;
229,3965,0,94;
230,226,0,117;
231,15213,0,113;
232,3980,0,109;
233,6924,0,108;
234,11998,0,111;
235,11998,0,110;
236,3157,0,96;
237,5052,0,109;
238,1542,0,115;
239,4436,0,95;
240,4380,0,93;
241,12174,0,75;
242,14621,0,109;
243,9343,0,96;
]

**********Match results**********
Index 	Index 	distance
in img1	in img2
33	3626	26
54	3667	31
5	3559	36
19	3590	37
30	3637	37
31	3638	38
28	3625	39
16	3600	39
21	3589	42
61	3666	44
53	9214	45
35	3626	45
60	3669	46
188	3637	47
77	3707	47
34	3625	49
56	3669	49
2	3551	49
36	3625	50
71	3707	50
55	3666	50
75	3726	51
18	3588	53
58	3693	54
17	3587	55
52	9248	57
6	3551	58
46	3704	59
22	3572	60
37	9198	60
0	0	0
extract time : 4.64909
**************************************************************************
It's strange. You shouldn't use L1 or L2 distance for a binary descriptor
**************************************************************************
*itMatcher : BruteForce
Brisk matching time : 3.38246
[19,3590,0,258.556;
54,3669,0,303.87;
33,3626,0,328.137;
28,3625,0,329.774;
16,3600,0,348.406;
71,3707,0,356.094;
36,3625,0,359.632;
37,9198,0,373.901;
52,3669,0,374.373;
75,3726,0,375.237;
31,3638,0,383.226;
5,3559,0,386.577;
21,3589,0,388.556;
56,3669,0,390.871;
35,3626,0,391.952;
17,3587,0,397.222;
30,3637,0,402.433;
193,9224,0,407.79;
60,3667,0,409.9;
2,3551,0,414.402;
77,3707,0,416.121;
53,9214,0,422.021;
188,3637,0,427.355;
18,3590,0,441.186;
210,9291,0,441.819;
73,3727,0,442.942;
74,3723,0,443.348;
76,3725,0,453.277;
61,3694,0,458.126;
43,5659,0,462.771;
0,0,0,0;
]

Matches : [0,6917,0,739.33;
1,5709,0,621.86;
2,3551,0,414.402;
3,3544,0,583.836;
4,3824,0,591.295;
5,3559,0,386.577;
6,3551,0,614.483;
7,14733,0,745.36;
8,11334,0,615.223;
9,41,0,585.005;
10,13052,0,595.582;
11,12626,0,602.098;
12,13556,0,551.148;
13,11542,0,510.819;
14,3618,0,477.434;
15,12308,0,589.678;
16,3600,0,348.406;
17,3587,0,397.222;
18,3590,0,441.186;
19,3590,0,258.556;
20,3573,0,493.785;
21,3589,0,388.556;
22,3572,0,563.697;
23,6837,0,494.162;
24,11542,0,541.743;
25,9520,0,593.017;
26,5512,0,675.306;
27,12359,0,545.097;
28,3625,0,329.774;
29,41,0,551.059;
30,3637,0,402.433;
31,3638,0,383.226;
32,6765,0,609.434;
33,3626,0,328.137;
34,3625,0,508.33;
35,3626,0,391.952;
36,3625,0,359.632;
37,9198,0,373.901;
38,12561,0,605.747;
39,7479,0,685.033;
40,4940,0,615.952;
41,3051,0,664.679;
42,5411,0,698.984;
43,5659,0,462.771;
44,3141,0,611.418;
45,5081,0,583.976;
46,9238,0,469.549;
47,10580,0,650.598;
48,9482,0,643.147;
49,7185,0,624.183;
50,4272,0,650.693;
51,3692,0,534.563;
52,3669,0,374.373;
53,9214,0,422.021;
54,3669,0,303.87;
55,3666,0,531.714;
56,3669,0,390.871;
57,6238,0,527.701;
58,3693,0,473.131;
59,10918,0,575.078;
60,3667,0,409.9;
61,3694,0,458.126;
62,3640,0,672.698;
63,6756,0,584.735;
64,6907,0,640.914;
65,12600,0,568.146;
66,14323,0,606.408;
67,15185,0,566.63;
68,3727,0,619.171;
69,6775,0,626.629;
70,7249,0,613.896;
71,3707,0,356.094;
72,6487,0,587.055;
73,3727,0,442.942;
74,3723,0,443.348;
75,3726,0,375.237;
76,3725,0,453.277;
77,3707,0,416.121;
78,1003,0,594.003;
79,3769,0,655.15;
80,5895,0,684.31;
81,14536,0,571.727;
82,5391,0,627.85;
83,13554,0,638.432;
84,14536,0,597.124;
85,1769,0,600.357;
86,7931,0,622.001;
87,14602,0,596.518;
88,11174,0,668.395;
89,1317,0,607.822;
90,3838,0,511.618;
91,11003,0,622.242;
92,4088,0,537.53;
93,614,0,629.682;
94,9522,0,615.588;
95,3648,0,620.221;
96,11727,0,682.493;
97,3803,0,531.033;
98,3838,0,583.958;
99,11313,0,619.266;
100,8127,0,598.836;
101,6546,0,586.561;
102,5092,0,635.82;
103,1928,0,657.318;
104,898,0,633.433;
105,2693,0,603.865;
106,13307,0,633.558;
107,8276,0,637.232;
108,9334,0,664.897;
109,14192,0,720.987;
110,854,0,613.336;
111,3085,0,646.462;
112,3882,0,725.528;
113,3941,0,682.551;
114,7805,0,674.649;
115,3894,0,646.393;
116,3882,0,550.164;
117,3881,0,595.407;
118,3881,0,593.276;
119,9903,0,692.797;
120,1455,0,615.791;
121,6664,0,707.136;
122,11362,0,658.048;
123,9334,0,636.673;
124,3722,0,632.599;
125,5265,0,658.332;
126,9903,0,591.643;
127,11173,0,628;
128,5356,0,562.356;
129,3896,0,624.139;
130,5425,0,568.548;
131,12552,0,569.366;
132,258,0,617.573;
133,6928,0,610.548;
134,14706,0,732.091;
135,3143,0,654.769;
136,5804,0,644.746;
137,1765,0,640.858;
138,3951,0,597.87;
139,8741,0,632.381;
140,3411,0,684.838;
141,13742,0,609.887;
142,3951,0,713.082;
143,1318,0,668.625;
144,4019,0,623.259;
145,3980,0,643.616;
146,3979,0,635.349;
147,4774,0,606.428;
148,3963,0,536.744;
149,2669,0,671.436;
150,3964,0,701.319;
151,14110,0,698.86;
152,3979,0,606.482;
153,3998,0,574.972;
154,12827,0,708.733;
155,9943,0,671.484;
156,7355,0,693.962;
157,6957,0,754.913;
158,267,0,542.338;
159,8352,0,664.175;
160,10649,0,655.325;
161,6347,0,623.221;
162,3998,0,574.295;
163,4844,0,641.716;
164,11497,0,634.664;
165,10539,0,677.632;
166,4026,0,516.734;
167,3998,0,664.126;
168,2204,0,623.282;
169,12682,0,643.989;
170,12113,0,601.988;
171,11459,0,575.194;
172,8790,0,559.086;
173,3418,0,666.795;
174,11796,0,666.36;
175,6111,0,621.05;
176,9140,0,644.307;
177,11097,0,557;
178,13296,0,565.097;
179,5581,0,657.409;
180,4110,0,517.738;
181,11532,0,507.962;
182,4591,0,562.726;
183,4591,0,476.615;
184,4086,0,511.312;
185,9086,0,614.415;
186,12327,0,619.057;
187,12327,0,651.465;
188,3637,0,427.355;
189,3638,0,616.661;
190,3626,0,493.762;
191,3639,0,552.531;
192,14123,0,578.304;
193,9224,0,407.79;
194,9216,0,472.748;
195,1306,0,611.429;
196,12600,0,565.423;
197,14157,0,600.068;
198,12160,0,577.999;
199,12202,0,728.262;
200,2179,0,643.132;
201,9265,0,530.15;
202,9267,0,516.558;
203,14369,0,666.943;
204,4380,0,512.909;
205,3564,0,575.938;
206,4086,0,538.024;
207,5135,0,614.463;
208,7894,0,508.824;
209,9297,0,475.136;
210,9291,0,441.819;
211,4454,0,652.123;
212,6096,0,648.148;
213,11313,0,609.946;
214,9357,0,548.223;
215,9321,0,596.134;
216,9319,0,617.65;
217,5092,0,626.853;
218,2249,0,645.677;
219,13657,0,636.611;
220,2616,0,668.702;
221,1366,0,680.794;
222,4003,0,613.177;
223,5090,0,696.46;
224,12433,0,639.926;
225,6977,0,632.935;
226,2764,0,668.148;
227,2087,0,610.776;
228,2620,0,589.889;
229,11583,0,645.477;
230,9157,0,678.349;
231,3817,0,673.331;
232,11524,0,625.557;
233,2672,0,642.592;
234,11998,0,667.637;
235,6953,0,711.77;
236,3130,0,641.634;
237,9799,0,583.868;
238,11315,0,617.689;
239,2075,0,517.083;
240,4380,0,528.411;
241,12174,0,550.373;
242,2674,0,672.544;
243,5087,0,661.772;
]

