extract time : 4.70184
[148, 123, 193,  41,   0,  64,  64,  32, 225, 222, 253, 239,  28,  51, 205, 225, 127, 255, 209,  33,  12, 225, 148, 103, 160, 160,  57, 227, 155,  63,  63, 148,  84, 178, 204, 114, 151,  60, 219,  24, 231, 252, 255, 255, 253, 231,  15,  24, 201, 112,  93,  64,  64, 216, 255, 255, 255, 127, 126,  62, 223, 223, 159, 255;
 223, 254,   0,   0,   0,  56, 240, 176,  32, 219, 131, 183, 221, 255, 195,   3,  14,   0, 228,  28, 247,  56, 207, 145, 184, 157,  27, 119,  16,   0,   0,  64, 204,  19, 199, 126, 231, 217, 243, 255, 255, 255, 227,  31,   4, 224, 253,  99,   0,  72,  16,  49, 255, 255, 255, 243, 121,  28, 254, 103, 147, 255,  13,   0;
 255, 204,   1,   0,   0,   0, 192, 240, 225, 195, 167,  63, 152, 252, 131,  17, 142, 120, 228,  25, 111, 120, 192,   3, 112, 128,  56, 231,   8,   1,   0,   0, 128, 179, 223, 254, 255, 255, 227, 159, 255, 255, 247,  63, 204,   3, 248, 255,  33,  24,  62,   2, 211, 127, 250, 127, 155, 252,  23,   6, 211, 253, 189,  31;
  95, 204,   8,   0,   0,   0, 224, 240, 232, 251, 167,  23, 153, 190, 147,  17, 142, 120, 228,  25,  15, 120,   0, 129, 120, 152,  24,  99,   0,   1,   0,   0, 128, 135, 255, 255, 255, 253, 227, 159, 255, 255, 231,  28, 204, 145, 248, 249,  32,  16,   0,  96, 255, 253, 255, 247, 217,  44,  22, 238, 255, 205,  29,   0;
 244, 127, 227, 105,   0, 192,  64,  32, 227, 198, 159, 255, 127,  65,  78,   9,  12, 244, 246,  47,  14, 227,  48,   5, 243, 253, 107, 199,   9, 100,  62, 249, 236,  83,   3,   0, 109, 255, 223,  59, 198, 156, 249, 255, 255, 255,  11,   0,   0,  96,  48, 176,  56, 239, 183, 240,  14,  73,   0,   0, 239, 255, 255, 127;
 254, 221, 127,  32,   0,   0,   0, 224, 225, 195,   7, 127, 248,   0, 150,  31, 172, 112, 196,  49, 142, 241,  16,   7,   0, 160,  57, 227,  24,  35,   4,   0,   0,   0,  12, 125, 238, 251, 207,  31, 231,  28, 243, 189,  12, 161,  13, 152, 255,  60,  12,  46, 159, 225, 246, 252, 190, 111, 118, 127, 159, 239, 191,  59;
 148, 252,  95,  32,   0,   0,   0, 225, 255, 255,  63,  35, 136, 255,   1,   1,  12,  96, 128,   1,   8,  64,   0,   0,   0, 176,  57, 227,   8,  31,  13,   0, 128,   0,  15,  24, 246, 251, 207,  31, 255, 248, 131,  28, 128, 161,  45, 153,  73,   0,   0,   0,  16, 252, 255, 253, 255, 125, 126,  54, 223, 223, 159,  15;
  67, 230,  36, 159, 133, 160, 255,  60,  36,   0,   0,   0,  64, 194,   9, 126, 253, 164,   1,   0,   0,   0,   0, 224, 180,  31, 142,  24, 192, 128,   1, 134,  24, 255, 255, 255, 255, 255, 151,  30, 242, 192,   0,   6, 196, 252, 247, 116, 190, 255, 223, 199, 255,  29, 120, 120, 159, 108, 119, 190, 191,  71,   6,   4;
 180, 123, 255, 239, 227, 192,   0,   0, 195, 206,  13, 231,  80, 199,  29, 246, 253, 247, 223,  35,  12, 227,  52,  14, 129, 224, 243, 255, 255, 255, 117, 199,  25, 228, 124, 227,  29,  55, 142,  24, 134,  24, 155,  57,   0, 224, 127,  95, 174, 131, 255, 127, 226, 255, 207,   7,   0, 104,  33, 182, 127,  13, 136, 137;
   1, 226, 190, 255, 223, 239, 223,  14,  12,  24,  48, 140, 115, 206,  63, 254, 241, 135,  13, 210, 240,   2,  40, 252, 142,  95, 199,  28, 247, 252, 255, 255, 127, 253, 240, 255, 251, 237,  31,  31,   0,   0,   0, 192, 114, 124, 255,   4, 222, 231, 193, 192, 252, 255, 127,  32, 184, 239,  96,  48,   8,   0,  98,  64;
  20,   0,  16,   0,   0,  64, 126,  48, 255, 254, 253,  35,  15,  60, 241, 129,  14, 255, 251, 239, 127, 189,   0,   1, 176,  16,   0, 226, 143,  19, 199,   0, 247, 254, 255, 239, 127, 255, 240, 145, 255, 255, 103,  57,   0,  34,  37, 152, 249,  48, 192, 246, 255, 255, 255, 255, 255,   0,  24, 205, 179, 237, 157,  63;
  75, 166, 164, 223, 223,  39, 128, 128, 196, 193,  18, 159, 240,  64,  10, 248, 251, 239,   7,  16, 128, 238,  14, 128, 196,  23, 200, 127, 255, 233,   3,   0,   0, 252, 255, 179, 251, 255, 255, 127, 180,   0,   0,   0,   0,  16,  40, 255,  71, 147,  12, 192, 255, 255, 251, 112,  28, 221, 231,  54,  26, 111,  31,  28;
 176, 255, 207,  97,  96, 208,  97,  19,   0,   6,  13, 228, 112, 227, 141, 127, 127, 120, 192,  33,  78, 243, 178,  95, 247, 227, 231, 255, 123,  37,  16, 128,  56,   3,   4,  80, 206,  19, 227,  94, 247,  28, 242,   1,  63,  96, 248, 255, 127,  31,  64, 251,  31, 199, 228, 239,  87,  92, 255,  39,   0,   0, 224, 255;
   0,  64,  24, 207, 239, 223,  63,  30,  30,  56,   0,   0,  64,   0, 120, 238, 119, 159, 123, 194,   1,  12,  68,  32,  30,  95, 204,  24, 230, 216, 251, 255, 127, 253, 240, 255, 191, 253, 123, 255,   0,   0,   0,   0,   0,  24, 252,   5, 134, 239, 211, 255, 236, 255, 255,   3,   0, 202, 101, 182, 255,  15,   0,   0;
   0, 123, 142, 235, 239, 223,  31,  79,   4,   0,   0, 200, 112, 255, 253, 238, 127, 207,  48, 128,   1,  15, 118, 126, 207, 127,   6,  24, 247, 254, 255, 239,  63, 253, 255, 187, 255, 255,  55,  28,   0,   0,  24, 194,  99, 126,  87, 126, 255, 175, 195, 245, 255,   7,   0,  96, 158, 111, 118, 190,  61,   2,   2, 238;
  32,  19,   2,   0,   0, 144, 125,  54,  54,   4,   0,   0,   0, 255, 253, 239,  63,  62, 192,   0,   2,   0, 128,  97,  58,  94,  12,   0,   0,   0,  13, 230,  63, 255, 255, 255, 255, 156, 243, 156, 243, 204,  96,   6, 198,  31, 195,  48,  16, 196, 119, 243,  25,   4,  38,  46, 248, 111, 118, 127, 159,  71, 198, 255;
 214,   2,   0,   0,   0,   0,   0, 112, 241, 235, 193,  33,  78, 184, 224, 255, 255, 254, 249, 193,  15, 120, 128,   3,  96, 128,  56, 115,  64,   1,   0,  64,  46, 251, 252, 255, 159,  61, 243, 156, 231, 252, 239,  63, 140, 129, 248, 233,  32, 254, 190, 211, 255,   4,   8,  14,   7, 252, 191,   4, 195, 253,  61,  27;
   0, 115, 158, 195, 233, 223,  63,  30,   6,   0,  24, 204, 112, 255, 253, 239, 191, 255, 123,   0,   0,   2, 244, 124, 255,  95, 198,  28, 247, 255, 253, 167,  63, 255, 253, 144, 191, 127, 119,  28,   0,   0,   0, 198, 114, 126,  23,  22, 223, 167,  65, 243, 191, 134, 128,  64, 150, 109, 102, 182,  29,   2,   2, 230;
 188,   1,  16,   0,   0,   0,  64, 251, 255, 118, 196,  33,  14,  56, 244, 255, 255, 255, 249,   1,  15, 112,   0,   1, 112, 176,  56,  97,   0,   0,   0,  64,  63, 127, 252, 255, 159,  29, 243, 156, 231, 220, 227,  28, 204, 129, 228,  65,  32, 120, 246, 243,  63,   4,  76,  14,   3, 252, 229,   6, 255, 223,  28,   1;
   0, 115, 142, 227, 207, 207, 127,  14,   4,   0,  16, 204, 112, 255, 253, 239, 127, 255,  57,   0,   0,   2, 112, 125, 175,  95, 198,  28, 255, 255, 253, 167,  63, 255, 255, 144, 255, 255, 183,  28,  64,   0,   0, 230, 114, 126,  23,  30, 255, 167, 193, 243, 255, 134, 128,  64, 150, 109, 103, 190, 157,   2, 130, 254;
 180,   1,  17,   0,   0,   0,   0, 255, 255,  98,  68,   1,  10, 249, 255, 255, 255, 255, 248,  65,  15, 112,   0,   3,  96, 176,  56, 113,   0,   0,   0, 224,  63, 127, 252, 255, 143,  29, 243, 152, 231, 222, 239,  28, 140, 129, 228,  97, 176, 124, 198, 243,  31,   0,  68,  14,   0, 252, 181,   4, 211, 253,  28,   1;
   0, 115, 158, 225, 239, 207,  95,  47,   6,   0,   0, 200, 112, 255, 253, 239, 127, 255,  56, 224,  65,  15, 114, 127, 255,  95, 198,  28, 243, 254, 125, 167,  63, 255, 254, 145, 255, 255, 183,  28,   0,   0,  16, 230, 103,  94, 243, 126, 255, 191,  71, 227, 191,   6, 128, 120, 158, 109, 118,  52,  12,   2,  98, 246;
 180,  27,  65,  40,  36,   0,   0,  64, 243, 255, 255, 103,  30,  59,  65, 161, 223, 255, 255, 239,  31, 253, 144,   7,  64, 160,  49, 227, 155,  63, 191,  20,  68, 144, 224, 231, 255, 255, 255, 153, 231, 156, 243, 189, 157, 163,  41, 155, 217,   0,  72, 254, 223, 241,  78,  16,   4, 203,  65, 254, 187, 207, 255,  63;
   0,  98,  12, 139, 239, 223,  63,  95,  95,   8,   0,   0,  64, 194, 253, 239, 119, 223, 123, 131,   1,  12,   4,   0,  30,  94, 140,  24, 192, 136, 105, 239,  57, 253, 252, 243,  15, 252, 127, 191, 224,   0,   0,   0, 192,  24, 192, 101,  54, 255, 255, 215, 227,  95,   3,   1,  32, 203, 100,  32,  26,   4,   0, 196;
 188,   0,  16,   0,   0,   0, 224, 123, 123,  98, 228,   9,  14,  56, 244, 223, 255, 255, 249,   1,  15,  32,   0,   0, 112, 184,  28,  33,   0,   0,   0,  64,  63, 127, 252, 255, 159,  61, 243, 156, 231, 220, 227,  12, 204, 145, 132,  65,  32, 124, 246, 243,  63,   4,  68,  12,   6, 252, 229, 182, 255, 207,  12,   5;
 255, 204,  32, 112, 127, 127,  26,   0, 128, 129, 239,  63, 189, 112, 210,  28, 128,  12, 254, 255, 255, 255,  89,  12, 128,   0,  17,   2,   8, 115, 223, 127, 245,  81, 211,  77, 107, 204,  56, 227,   8,   0,   2,  17,  48, 247, 255,  58,   8,  68,  48, 144, 112, 255, 119, 241, 239,   3,   0,   0,  16,   0, 128, 239;
 127,   0,  48,  60,  63,  63,  12, 128, 208, 161,  64,  18, 255, 216,  96, 146,  65,   2,   0, 208, 120,   0,   2,   0,   0,  16,   8,  64,   8,   3,   4,   0,  10,  27, 110, 127,   0, 164,  57, 127, 144,   0,   1,   0, 128,  26,   0, 128, 193,  96, 176, 191, 255, 247, 249, 179, 249, 255,  99,  32,  26, 127,  31,  54;
 105, 131, 255, 255, 247, 163,   7,   0,   0,   0,   0, 222, 115, 201,  62, 254, 249, 227, 141, 123,  12, 130,   0,  12,   0,   3,   0,  64,  48, 227,  12, 227,  59, 111,  60, 227,  24,  33, 140, 122, 128,   0,  11,  49,   0, 224, 255, 255,  63, 223,  22, 195, 255, 223, 207,   3,   0, 192,   1,   0, 114,  29,   9,   0;
  48,  89,  27,   0,   0,   0,  96, 123, 123,  64,   0,   1,  72, 255, 255, 255,  63, 127, 224,   1,  15,  32,   0,   1, 120, 254,  28,  17,   0,   0,   8, 226,  31, 127, 254, 249, 135, 156, 235, 156, 247, 222,  65,   8, 204, 148, 135,   0,   0, 192, 119, 115,  25,   4,  36,  13, 248, 239,   4, 166, 187,  77,   4, 237;
   4, 120, 223, 255, 239,  15,   3,  79,  12,  90,  49, 132,   1, 255, 255, 254, 123,  79,   0, 225,  72,   0, 112, 126, 239,  31,   0,   0,   0,  26, 108, 230,  31,  63, 246, 255, 251, 141,   3,  16,   0,   0, 152, 231, 123,  14, 226, 185, 249, 255, 119, 115,  29,   5,  96,  46, 155, 108, 118,  52, 132,  50, 127, 114;
 180,  11,  65,  40,   0,   0,   0,  97, 247, 238, 197,  35,   0,  48, 193, 173, 127, 254, 251, 167,  14, 241,   0,   2,   0, 160,  57, 227, 136,   3,   0,   0,   0, 250, 236, 227, 191, 127, 246,  24, 199,  24, 211, 185,   0, 160,  45, 249,  97,  16, 239, 119, 235, 223,  10,   0, 132, 107, 116, 255, 159, 207,  31,   9;
 127, 128,  16,   4,   0,  58, 252, 255, 123,  33, 194,  25, 174, 120, 247, 255, 255, 255, 255,   1,   2,   0,   0,   0,  16, 252, 124, 121,   0,   0,   0,  64,  63, 127, 252, 255, 255,  61, 243, 156, 227, 132,   1,   0, 192, 153, 132,  65,  32,  72, 246, 243,  63,   4,  64,  12,  18,  76, 103, 182, 255,  79,   4, 141;
   0,  51, 159,   7, 224, 223, 127, 127,  30,   0,   0,   0,  96, 255, 253, 239, 255, 255, 251,   1,   2,  16, 128,  96, 127,  95,  14,  24,  96, 192,  41, 231,  27, 255, 189, 128, 191, 127, 247,  29, 225,   0,   0,   0, 226,  92, 215, 116, 254, 255,  95, 195, 255, 134, 128,  64,   4,  75, 228,  55, 223,   7,   6, 132;
 132, 106,  69,   9, 224,  31,  32,  95,  93,  90, 180, 169, 109, 254, 253, 239, 255, 255, 255, 167,  11,   0,   0,   0,   0,  24, 184, 225,   2,  25,  44, 128,  63, 127, 244, 227,  15, 125, 255, 184, 229, 128,   1,   8,   0,   0, 244, 255,  25,  16, 192, 255, 255,  71,  64, 201,  38, 201, 101, 254, 159, 207,  31,  28;
   0, 123,   4, 233, 205, 141,  27,   0, 132, 136,  16,  14,   0, 194,   9, 110, 115, 237, 179, 143,   9,   0,   0,  68, 128,   8,   0,  64,   0,   3,  44, 229, 125, 247, 220, 103,   0,   0,   8, 112,  64,   0,   0, 245,   0,   6, 224, 249, 121, 109,  82, 241, 255, 247,  89, 147, 249, 251,  96, 180, 255,  31,  27,  16;
 235, 255, 239, 223, 208, 224, 235,   0,   0,   0,   1, 252, 240, 215,  15,  51, 140, 255, 255,  23, 150, 162, 184, 237, 166,  75,   7,   4, 112, 238,  60, 227, 255, 183,   5,   0,  61, 127, 222,  57,  66,   0,   0, 161, 247, 127, 218, 254, 255, 143, 194, 255,  95, 242, 156,  80,   4, 203, 100,  33,   8,   0, 247, 247;
  79, 228, 125, 247, 159,   3, 128, 236, 252,  89,  50, 153, 227,   0,  58, 254, 248, 195, 140, 251, 255, 239,  11, 130,  68, 146, 236, 255, 254, 217, 227, 207, 251, 239, 246, 255, 216,   1, 240, 247, 223, 187, 131,   8,   8,   0,  36, 239,   7, 131, 247, 243, 255, 245, 127, 183,  73,  16, 138, 193,  18,  77,  24,   0;
   0,  64, 223, 135, 131, 147, 103,   0, 128, 144, 113,  14,  51,   4,   0, 192,  96, 147,  11,  70,   0, 128,   0,  12, 128,   0,   0,  64,   0, 113, 238, 127, 243, 237,  59, 255, 252,  99,   2,  24, 224, 130,   3,  61,   0, 226, 255, 191,  16, 196, 251, 191, 224, 251,  26, 242, 135, 124, 255,  63, 147, 205, 205,  15;
  95, 132,  48,  16,  24, 127, 255, 144, 189, 177,  66,  16, 138,  32, 162, 159,  54,   0,   4,  24, 227, 152, 207,  48,   0,   0,  16,  96,   0,   3,   0, 104, 255, 255, 255, 255, 206, 252, 251, 255, 251,   1,   0,   0,   0,   0,   4,   0,  65,  96, 176, 243, 127,   4,  56, 255,  63,  12,  70,   1,  16, 190, 127,  60;
  75, 255, 239, 219, 144, 224, 235,  38,   0,   0,   0, 220, 240, 215,  31,  55, 152, 255, 255,  31,  22,   0, 168, 205, 182,  91,   7,   8,  32, 238,  61, 231, 255, 183,  21,   4,  32, 252, 254,  57,  67,   0,  64, 132, 246, 127, 210,  54, 255, 255,  71, 227,  95, 247, 145, 209,  32, 203, 229,  36,   9,   0, 194, 244;
 222, 254, 239, 179,  49,   0,   0, 192, 225, 223,   7, 179, 209, 231, 159, 119, 156, 113, 196,  57, 140, 225,  24,   6,   0, 160, 249, 255, 222, 169,  96, 194,  25, 255,  31,  56,   4,   0, 226, 127, 198, 220, 219,  57,   8, 161,  61,   9,   0, 192, 112,  55,   8,   8, 183,  15,  65, 252, 255,   0, 210, 255, 189,   9;
  75, 247, 174, 219, 145, 160, 227,  38,   0,   0,   0, 216, 240, 247,  31,  55, 152, 253, 255,  31, 158,  32, 168, 239, 246,  75,   7,   8,  32, 232,  60, 231, 255, 183,   5,   4,  32, 254, 255,  59,  67,   0,   0, 128, 126,  95, 194,  54, 255, 191,  71, 251,  95, 243, 149,  81,  32, 203,  96,  36,   8,   0, 226, 244;
 222, 254, 239, 187,  48,   0,   0, 192, 229, 223,   7, 243, 241, 255, 223, 119, 156, 113, 196,  57, 140, 225,  24,   6,   0, 160, 241, 255,  90, 137,  32, 226,  25, 191,  31,  60,   4,   0, 192, 127, 198, 253, 219,  61,  24, 161, 189,   1,   0, 192, 114,  55,   8,   8, 183, 175,  65, 252, 239,   0, 128, 255, 185,   9;
   4, 104,   0,   0,   8,  28, 120, 124, 236, 250, 255, 175,  29,  48, 216, 105, 111,  24, 240, 251, 255, 255, 255,  31, 124,   0,   0,  64,  14, 123, 111, 136,  37, 212, 254, 127, 223, 157, 240, 198,  31,  63, 239,  32,   0,   2,   7,  24,  73,  96, 144, 176, 255,  95,  32,  32, 255,   3,   0,   0,   0,   0,  73, 234;
 254, 221, 255, 114, 112, 112,   0, 128, 195, 215, 255, 127, 145, 101, 191, 221, 190, 121, 196,  49, 142, 129, 184,  78, 129,  32,  97, 231, 189,  55,  85,   0,  17, 111, 190, 253, 206,  24, 227, 254, 255, 149, 178, 181,  17, 162,  61, 139,  65,   0,  32, 240,  31,   4,  36, 175, 255,  31, 254, 255, 155, 207, 159,   0;
 249, 255, 231, 123,   0, 224,  96,   0,   0,   0,   8, 254, 244, 211,  15,  19, 140, 245, 247,  31, 132, 162, 252, 255, 247,  15,   0,   0,  56,  99, 116, 255, 204, 129,   1,   0,  53, 255, 255,  59,   2, 220, 250, 247,  54,   6, 112, 255, 255, 143, 250,  63,  68, 162, 128,  80,  38, 203,  36,   0, 192, 184, 251, 122;
 214, 255, 239, 251, 176,   0,   0, 128, 231, 223,  23, 243, 208, 255, 223, 119, 156,  96, 196,  57, 140, 225,  24,   7,   0, 160, 241, 255,  74,   9,  48, 226,   8,  39,  31,  60,  64,   0, 240, 127, 198, 253, 219, 127,  24, 161,  45, 137,   0, 192, 114,  63,   8,   8, 247, 255, 107, 220, 175,   0, 128, 249, 185,   9;
 235, 255, 239, 255,  17, 224, 195, 166,  34,   5,  10,  16, 128, 195,  95,  63, 184, 247, 223, 191, 158,   0,   8, 193,  32,  88, 223,  60, 193,   0, 112, 239, 185,  99,  16, 101,  40,  65, 136, 113, 194, 136,   1,   0,   0, 144, 252, 193,   0, 128, 255, 255, 231, 111, 209, 219, 231, 113,  64, 254, 155,  15,  12,   0;
  75, 255, 239, 255,   1, 160, 195,  38,   0,   0,   0, 220, 240, 215,  31,  55, 152, 255, 255,  63,  30,  32, 184, 207, 247,  95,   6,   0,  48, 238,  61, 163, 255,  39,  21,   4,  32, 252, 223,  57,  66,   8,  64, 165, 118,  94,  67,  54, 223, 255,  64, 251,  31, 242, 149, 209,  32, 203, 229,  36,   0,   0, 115, 242;
 176,  27, 195, 224, 111,   8,   0,   0,   0, 128, 205, 239, 127, 121, 196,   0,   0, 108, 254, 239,  63, 195,  48,  78, 195,  11,   0, 206,  57, 103, 252, 255, 255,  17, 195,  12,  34, 252, 254, 251, 206, 144, 211, 189,  56, 102, 249, 255,  27,  69,  50,  17,  96, 255, 247, 241,  40, 131, 224,  37,   0, 232, 255,  18;
  52,  88,  31,   2,  32, 217, 119, 191, 255, 254, 124,  98,   9,  45, 189, 239,  62,  59,  64,  32,  71,  16, 128,  80, 255, 124, 232, 243,   5,  16,  80, 228, 187, 239, 191, 191, 198, 152, 235, 255, 255, 255, 119,  14, 199,  16,   0, 193,  65,  64, 112, 243, 255,   7,   0, 240, 255,  13,   6, 198, 179,   0,   0, 128;
 160, 123, 198, 235, 228, 223, 127,   7, 135, 158, 253, 238, 127, 255, 253, 231,   7,  31, 122, 172,   2, 159, 244, 127, 159,  79,   0,   0,   0,  14, 252, 227, 255, 255, 247, 159,   7,   0,  80, 192, 121,  71,  52, 163,  51,   6,   0, 177, 249,   4,  50, 241,  31,   0,   0,  15, 251, 255,  29,   0,   0,  48,  16,  48;
 148, 127, 207, 251, 239, 192,   1,  71,   7,  10,  28, 239, 113, 199, 223, 110,  56, 229, 254, 255,  63, 227, 120,  79, 231,  35,   0, 128,   0, 255, 252, 255, 189, 101, 209, 111,  40, 204, 184, 243,  78,  16, 208, 181,  63,  15, 226, 191, 255, 175, 235, 253,  38,  97, 117, 191, 111,   1,  64,  37,   0, 128, 251, 115;
 176,  59, 199, 225, 238, 136,   0,   2,   0, 132,   9, 239, 127, 251, 140,  34,  74,  64, 252, 255, 127, 203, 113,  14, 239,  27,   2, 132, 123, 239,  52, 243, 255, 147, 231,  78, 114, 136, 240, 243, 207,  19, 144, 169, 255, 126, 123, 254, 255, 131,  34,  49,   0, 120, 127, 191, 105, 144,  73,   0,   0,   0, 241, 246;
 176,  59, 199, 224, 236,  12,   0,   0,   0,   0,  13, 239, 127, 251, 204,  34,   2,  64, 248, 255, 127, 203,  33,  14, 207,  27,   2, 132,  57, 103, 188, 243, 255, 155, 231,  14,  66, 136, 248, 243, 223,  19, 145, 169, 251,  94, 115, 255, 255, 133,  34,  17,   0,  60,  55, 183, 105, 146, 201, 229,   0,  64, 243, 254;
 180, 123, 199, 225, 236,  64,   0,  67, 199, 198,  12, 235, 120, 255, 253,  47,  26,  96,   0,  33,  72, 195,  50,   2,   0, 160, 240, 251,  41,  69,  48,  99,   0,   1,   8, 112, 227,   3,   0, 220, 255,  19, 147,  57,   0, 160, 173,   1,   0, 192, 126,  63, 134,  65, 196,  14,  81,  20, 223, 111, 128, 239,  63,   9;
  75, 255, 238, 255,  31,  32, 128, 128,   0, 193,   3, 159, 240, 195,  95,  62, 152, 229, 254, 191, 188, 224,   0, 128, 228, 155,  15,  15,  56,  32,  32, 231,  24,  35,  80, 101,  32,  65, 152, 115, 206,   3,   1,   0,   0,  16,  28, 195,   1, 128, 255, 255, 167, 107, 241, 251,  99, 240,  65, 164,  59,  15,   4,   4;
   0,  96,  28, 143, 143,  15, 127, 126, 126,  56, 112, 136,  35, 254, 249, 230, 127, 255,  59,  64,   0,   0,   0,  64,  44,  30, 128,  64, 166, 219, 239, 167,  31, 254, 125, 128, 255,  63,   7,  16, 224, 194,   5,   0,   0,  16,   0, 129, 128, 247, 127, 192, 243,  14,   0, 240, 135, 105, 245, 254,  19,  12,  92,  48;
 223, 252,  47, 176, 249,  61, 128, 223, 239,  83, 190,  27, 128, 103, 223, 127, 191, 255, 103, 177, 223, 255, 255, 255,  95,   2,  32, 193, 255,  91,   5, 132, 189, 119, 157,   0, 134, 254,  47,   0,   4,  16, 252, 241,   8,   2,   0, 128, 193,   0,  96, 240, 255,  15,   0, 240, 135,   1, 112,  65,   0,   0,   0, 176;
 176, 251, 223, 227, 225, 217,   1,  95,   7,   0,  28, 236, 240, 255, 255, 247,  95,  89,  64,  33,  75, 219, 182,  10,   7, 227, 255, 156,  35, 252,  61, 167,  25, 255, 191,  56, 198,   0,   0, 128, 149, 247,  31,   0, 187, 213, 210,  38, 222, 247,  85,  66,  27,   4,  36,  46, 199,  48, 190,  73,  16,   0,   0, 192;
 244, 255, 207, 225, 224,  64,   0,  65, 231, 206,  12, 227, 240, 247, 255, 127,  30,  96, 224,  41,  12, 227,  20,   2,   0, 160, 240, 243,  75, 143,  48, 194,   8,   3,   0,  64,   0,   3,   6,   0, 134,  18, 151,  57, 155, 163,  41, 137,   0, 128, 112,  63,  15,  65, 192, 207, 131,   0,  16, 255,  18, 237, 255,  27;
 176,  59, 199, 249, 111,   0,   0,  64,   0,  64,  13, 255, 127, 243,  76,   2,   8, 100, 254, 255,  63, 195,  48,  14, 231,  27,   2, 128, 123, 239, 244, 251, 255,  19,  67,  12,  32, 236, 252, 251, 206,  16, 208, 173, 255,  78, 114, 159,  79, 129,  50,  49,   0, 248,  55, 181,  40, 131, 233,  37,   0,  96, 243, 114;
 244,  59, 199, 225,  32,  64,  64,   0, 227, 238,  13, 231, 220, 255, 239,  39,  14, 120, 224, 169, 127, 243,  16,   4, 161,  16, 225, 247,  91, 167,  48, 194,   8,   1, 130, 120, 198, 219, 237, 146, 223,  31,  83,  57,  17,  34,  61, 203,   1, 192,  50,  63, 143, 195, 247,  47, 248, 163,  82, 255, 155, 207,  29,   0;
 244,  63, 199, 224, 108,  64,   0,  67, 195,  70,  12, 107, 112, 243, 205,   6,   0, 108,   2,  33,  88, 195,  50,   2,   0, 224, 124, 255,  33,  68,  56, 103,   0,   0,   8, 116, 243,   3, 177, 221, 255,  19, 147,  56,   0, 160, 173,   1,   0, 224, 127,  95, 135, 225, 214,  86,  81, 156, 255,  37, 130, 255,  40,   9;
 251, 149,  32, 112, 255, 255,  63, 128, 128, 129, 130, 254, 255, 255, 246, 146, 131,   8,  36, 248, 251, 255, 255, 158, 136,   3,   7,  14,  56, 224, 220, 243, 255, 223, 247, 158, 227, 140,  49, 134,  24,  35,  30, 113,  16, 224, 255,  63, 158, 239,  18,  49,   0,   0,  54,  46, 155, 244, 187,   8,   0,  40,   0,   0;
 244,  59, 199, 225, 104,   0,   0,  67, 231, 198,  12, 251, 254, 255, 255,  39,  10, 124, 130,  33,  76, 227,  18,   2,   0, 160, 120, 227, 105, 199,  52, 227,   8,   1,   8,  32, 231,   3, 128, 220, 255,  27, 211,  57,   8, 129, 108, 221,  10, 235,  50,  61, 158, 207, 240, 126,  87,  28, 223, 111, 154, 239,  25,   9;
 249, 191, 227, 248, 124,   0,   0,  64,   0, 199,  15, 255, 254, 251, 206,  19, 139, 108, 244, 191, 191, 255,   5,  14, 194,  17,   0, 199, 123, 231,  52, 195, 206,  19, 195,  78,  67, 252, 138, 128, 175,  26, 135,  41, 186,   6, 120, 223,  79, 128,  50,  49,   0, 104,  55, 181, 252,  35,  84, 255,  18, 239, 157,  18;
 255,  12,  32, 248, 255, 111,  30,   0,   0, 129, 255, 127, 191, 120, 226,  24, 129,   4, 252, 255, 255, 239,  73,  12,   0,   0,  19,   0,   0,  98, 252, 127, 247, 221, 243,  15,  99, 204,  48, 227, 140,  19,   3,  17, 177, 151,   2, 178, 219,  36,  50,  16,   0,  44,  51, 176, 109, 179,   1, 128,  48, 128, 192, 255;
 251, 131, 242,  92,  82, 182, 108, 128, 144, 161, 222, 255, 255,  72,   0, 144, 228, 254, 255, 255,  63,   0,   0,   0,   0,  24,  25,  34,  57, 255, 158,  57,   0,   0,  40, 227,  61, 255, 255,  59, 192, 128,   3, 189, 208, 191,  75,   0, 218, 117,  24,  12, 246, 223, 222,  12,   0, 254, 225,  36, 223, 255, 159, 255;
 107, 149, 190,  87,  82, 160, 128, 114,   0,  69, 123, 223, 251, 255, 191, 247, 142,   0,   0,  16, 192, 242,  47, 184, 254,  95,  66,   4,  17, 127, 252, 127,   0,   0,   2, 216, 230, 131, 231,  94,  56, 252, 237, 239, 254,  30,   0,   0,  65, 100,  48,  60,   0, 192, 254, 127,  91, 252, 255,   3,   0,   0, 112, 112;
 235, 255, 175, 241, 223, 168,   0,   0,   0, 128,   1, 212, 248, 255, 255, 254, 155, 105, 164, 241, 237, 255, 111, 143, 206,   3,   0, 222, 255, 231,  52, 195,  25, 255, 255, 189, 235, 138, 161, 132, 158, 123, 207,  57,  48,  98, 127, 223, 111, 155, 119,  83, 155,  12,   0,  32,  23,   0, 146,  65,   0,   8,   0, 128;
 180, 251, 223, 227, 235, 219,   1,   7,   3, 206, 125, 239,  59, 103, 188, 232, 126,  64, 232, 255, 127, 219,  49,  14,   1,  32,   0, 128,  59, 127, 254, 255, 123, 205, 178, 235,  94, 137, 240, 247, 223,  19, 147, 185, 187,   7,  96, 191, 255, 165, 171, 145, 112,  13, 104,  42,  79, 147,  73,  36,   0, 224, 249, 115;
 223,  12,  96, 252, 255, 111, 156,   0,   0, 129, 255,  63, 191, 120,  98,  16, 129,   4,  28, 254, 249, 207,  15,  12,   0,   1,  18,   0,  16,  98, 252, 127, 230, 221, 107,  12,  97, 196,  24, 227, 156,  35,   7,   0, 177,  87,  66, 190, 219,  37,  50,   0, 240, 191,  35, 240, 255, 117,   1, 128,  50,   0, 192, 255;
   4,  96, 223, 231, 227, 211,  39,   0, 128, 184, 113, 134,  17,   4,  16,  72,   0, 131,  11,  78,  48, 147,   7,  12, 128,   0,  19,   2,  28, 250, 239, 188, 251, 238,  55, 143, 120, 242,  15,   3,   0,   0,  15,   0,  48, 245,   6,   0, 193, 246, 255, 192, 113,  63, 248, 127, 170,  66,   0, 248,  16,   4, 128, 229;
 223,   4, 224, 255, 255, 103,  12,   0,   0, 227, 255,  63, 150,  94,  99,  16, 129,  70, 191, 255, 188, 199,   1,  12, 128,   1,   0,  64,  24, 255, 255, 127, 198, 252, 123, 174,  49, 228,  28,  35, 204,   3,   3, 185, 176,  31, 120, 187,  89, 100,  16,   0, 216,  44, 184, 255, 239,   1,  64, 224,   0, 192, 247, 115;
 180, 120,  95,   0,  32,  16,  32,  16, 233, 255, 255,  39,   0,  39, 255, 253, 127, 121,  64,  33,  79, 251, 247,  63, 241,   0,  32, 227, 223,   3,   0,   0,  17,  39, 148, 249, 255,  27, 225, 206,  23,  61, 250, 241,  25,  34,   1, 136, 225, 120,  87, 235,  31,   0,  64,  14,  23, 252, 235,  16, 127,   8, 145,  34;
   7, 230,  60, 151, 145,  49, 227, 252, 255,  24,  50, 152, 225, 206,  27, 247, 252, 255, 207,   3, 128,   0,   4,  32,   4,  22, 128, 120, 102, 219, 109, 163,  25, 238,  28, 128, 188,  51,   7,  24, 231, 254,  15,  62,   0,   0,   0, 128, 193, 247,  61, 192, 255, 143, 128,  64,   7, 104, 181,   6, 127,  73,  25,  56;
 132,  59,  95, 161,   0,   0,   0, 119, 100,  74,  17, 225, 120, 255, 253,  47,   8, 122, 250,  45,  28,  97,   4,   3,  96, 224, 191, 189, 255, 139,  48, 195, 255,   3,   1,   4,   0, 220, 255, 191, 231, 252, 255, 255, 172, 129,  16, 223,   5, 128, 114, 123,  29,  39,   1, 241, 254,  11,   0, 128, 162, 249,  56,   1;
 160, 123, 207, 227, 224, 209,  35,   6, 207, 158,  28, 226,  64, 247, 253, 239,  63, 121, 192,  33,  79, 147, 176,  79,   2,  96, 241, 255, 255, 253, 113, 135,  25, 127, 254, 255, 239,  25, 225, 222, 255, 255,  51,  49,   0, 160,  45, 143,   5, 195, 117,  80,  25,   4,  38,  54, 223,   4, 222, 239,  17,   8, 128, 203;
  59, 220, 235, 114, 127, 255, 127,   0, 128,   0,  46, 126, 255, 253,   0,   0,   0,   0, 126,  62,  48, 128,   1,  12,   0,   2, 127, 126,  40,   0,  80, 243, 255, 159,   7,  14, 112, 234,  62, 123,   8, 128,  11,  81,   0,   0, 188, 231,   0,  77, 242, 255,  79, 242, 189, 241,  45,  89, 253, 255, 159, 207,  31,   8;
 235, 255,  63, 208, 216, 184,  17,   0,   0,   0,   0, 220, 248, 239, 191, 119, 158,   8,   0,   0, 192, 250, 111, 188, 254,  31, 199,  95,  32, 224,   8, 227, 255, 255, 143,  24, 198,  10,   3,  12,  48, 254, 237, 107,  48,  96, 248, 231,  18, 255,  54,  67,  25,   4, 164, 110, 219, 124, 191, 254,   0,   0,   0,   0;
 255,  13,  96, 248, 255, 239,  30,   0,   0, 128, 255, 127, 191, 120, 246,  24, 129,   4,  62, 255, 249, 207,  11,  12,   0,   0,  23,   0,  24,  98, 252, 127, 166, 221, 235,  45,  97, 196,  48, 227, 156,   3,   3,  16, 177, 151,   2, 178, 219,  36,  58,  16, 176,  46,  51, 240, 239,  49,   0, 128,  48,   0, 192, 247;
  52,  72, 217, 239, 239,  95,  14,  79,   0,   0, 253, 237, 127, 255, 117, 224,  65, 223,  27, 224,  72, 207,   6,   8,   0,   0,  30,   0,   0, 112, 220,  97,  71, 159, 124, 246, 177,  39,  19, 140, 255,   3,   3,  16,   0, 192,   6,   0, 219, 253,  62,  31,   0,   8,   0,   8, 246, 191,  95,  34,   0,  45,   8,  40;
 255, 143, 224, 255, 255, 239,  12,   0, 128, 128, 131,  30, 244, 219,  67,  22, 129,   4, 190, 255, 189, 199,   1,  12, 128,   1,   3,   6,  56, 231,  13,  39, 140, 252, 111,  46,  97, 228,  24,  35, 204,   3,  19, 185, 176,   7,   0, 158, 223, 255,  95, 103, 195,  40, 184, 255, 235,   3,  64,  97,   0, 224, 251, 115;
 180,   1, 219, 110, 111, 199, 126,   3, 255,   0, 236, 234, 127, 253, 244, 203,  43, 255, 251, 230,   0, 131,   0,   0,   0,   0, 120, 106,   0,   0, 248, 127, 239, 221, 121, 128, 191,   6, 242,  89, 224, 201,  11,  16,   0, 128, 164,  33, 242, 109,  50,  49, 224, 190,   3,   0,   4, 139, 255, 119, 127, 205,  28,   0;
 254,  13, 224, 254, 255, 239,  30,   0,   0,   0, 239, 127, 191,  80, 102,  24,   1,   4,  28, 252, 249, 207,  31,  12,   0,  35,  31,   0,   0,  98, 252, 127, 230, 217, 243, 255, 233, 196,  25, 103,   8,   0,   2,   0,  49, 253,   6,  48, 251,  45,  34,  17,  32,  44,  51, 176, 127,  65,  96, 241,  16,   0,   0, 229;
  20,   0, 216, 239, 231, 223,  15,   0,  16, 186, 253, 239,  55,  28,  48, 224,  97,   3,  24, 238, 112, 215,   7,  12,   0,  32,  27,   0,   0, 122, 254, 255, 231, 221, 115, 138, 249, 230,  23,   2, 136,   0,  15,   0,   0, 245,   6,  48, 217,  36,  48, 144, 112,  14, 184, 248, 143, 108,  33, 254,  22,  12,   0, 173;
 255, 135,  48,  28,  22,  38, 124,   0, 128, 161,   1,   6,  16,   0,   1, 156, 255, 190,   1,   2,   0, 128, 204, 125, 128,  13,   0, 102,  24, 161,  15,  60, 112, 226, 236, 115, 152,  33,  11,  24, 112, 239,  15,  39,   0,   0, 253,   1,   0, 228, 255, 223,  55, 240, 239,   7,   0, 188, 191, 255, 181, 140,  93,   0;
  52,   0, 219, 102, 111, 223, 126,   0, 128, 128, 109, 110,  51,  64,   0, 128,  96, 130,   9, 238, 119, 143,  51,  28, 128,   1,  23, 110,  24,  96, 216, 127, 243, 237,  59, 143, 250, 227,   5,   2,   0,   0,  10, 113,   0,  32, 188,   1,   0, 109, 242, 191, 232, 186,  42, 240, 223,  65,   0, 128, 124, 152, 221,   8;
 255, 129,  48,  20,  26,  62, 124,   0, 128, 225, 195,   6,  16,   0,   0, 152, 255, 138,   1,   0, 128, 136,  14,  60, 128,   0,  17,  98,   8,  32,  15,  56, 112, 226, 236, 251, 223,  35,   3, 140, 255,  99,   6,   1,   0, 160,  12,   0,   0,  96, 240, 255, 127, 240, 111,   6, 216, 175, 222, 239,  16,  44,   8,   0;
 235,   3,  48,  28,  22,  54, 124,   0, 128, 160,   1,   6,   0,   0,  97, 158, 253, 182,  11,   0,   0, 128, 140, 125, 128,  13,   0,  86, 136, 161, 143, 127,  62, 248, 104, 243, 153,   1,   3,  24,  96, 254,  15,  39,   0,   2, 253, 137,   0, 228, 255, 223,  39,   0, 200,  15,   3, 252, 191,  30, 119,   8,  93,   0;
   0,  96,  12, 143, 143, 159, 127,  12, 156, 184, 240, 130,  71, 190, 249, 238, 115, 191, 251, 206,  19, 156, 228, 125, 140,   3, 128,   0, 206, 255, 239, 191, 255, 254, 240, 199, 255, 127, 118,  25,   0, 196,  14,  97,   0, 224, 111,  24, 222, 255,  69, 192, 125,   5, 216,  30,   2, 248, 161, 254,  63,   8,   0,   0;
  52,  64, 223,  39, 227, 211, 103,   0,   0, 178, 125,  47,  51,   4,   0,   0,  64, 131,  11, 110, 114, 147,   7,  12,   0,   0,  27,  38,  28,  50, 206,  56, 243, 207,  55, 143, 120, 240,  79,  63, 136,   0,   3,   0,  48, 241,  30,   2,   1,  96, 176, 144, 112, 255, 255, 255, 250,  66,   0, 254,  58,   4,   0, 132;
  95, 236,   0, 240, 255, 255,  63, 128, 128, 129,   3,  18,   8,  32, 130, 126, 243, 136,  36, 240, 241, 141, 123, 220, 136,   0,  17,  34,   8, 224,  79, 127, 125, 227, 130,  25, 251, 175,  53, 198,  24,  35,  14,   1,  16, 176,  14,   0, 220, 255, 211, 233, 255, 159, 160,  96, 254, 247, 122,   1,  80,   0,   0, 128;
 123,   0,  32,  12,   4,   4, 104,   0, 128, 128, 195,  15,  20,   0,  64, 141, 253, 254, 211, 128,   4, 164,   4,   4, 128,   0,   0, 111, 152,  97, 139, 127, 116, 249,  72, 147, 189,   7, 210,  92, 247, 239,   3,  57,   0,   2, 184, 171,   0, 192, 251, 255, 226,  11,   0,  72,   7,  28, 255,   3, 127,  29,  25,  18;
   0,  96,   0, 203, 207, 159, 127,  62,  30,  56, 248, 136,  47, 255, 253, 239, 119, 191, 251, 206,   3,  30, 224, 125, 190,  15, 128,  64, 247, 223, 247, 207, 127, 127, 240, 227,  15,  61,  58, 128,   0,   0,  12,  96,   0,   0,   5,   0, 207, 255, 193, 232,  28,   0, 252,  15,   2,  64,   1, 248,  52,   0,   0, 234;
 255, 191, 255,  48,  48, 112, 224, 145,   1, 199,  15,  63, 144, 227, 191, 191, 190, 250,  68,  48, 206, 251, 254, 255, 251, 167,  35, 128, 249, 255,  15,   0,  16,  34, 140, 240, 255,  19, 193, 132,  55,  63, 240, 129, 127,  31,   0, 146, 223,  55,   0,  98, 159,   5,   0,   8, 215,  37, 254, 107, 128, 255,  63,  32;
 255, 220, 233,  63,  53,  32, 128, 192, 233, 193,   2,  49, 224, 192,  18, 254, 253, 255, 255,  55, 140, 193,   8,   2,   0, 128,  25, 179, 104, 131,   0, 107,  40,  97,  92, 227,  29,  55, 210,  88, 231, 223, 143,  16,   0, 129,   4, 252, 255, 191,  10, 129,  16,   4,  68,  12, 230, 187,   4,   4,  18,   8,   0, 237;
 107, 131, 246,  15,   2, 162, 237, 182, 182, 173,  65,   0,  66,   0,  32, 136, 236, 247,  11,   2,   0,   0,   0,  96,   0,  28,   8,  64,   0, 143, 191,  62,  34, 200,  40, 227, 189, 119, 215, 125, 243, 236,   3,  46,   0,   0, 255, 153,   0, 230, 255, 223, 231, 243, 221,  95, 112, 222, 255, 127, 159, 205,  29,   0;
   0,  64,  28, 130, 143,  31, 127,  60,  60,  56, 240, 128,  79, 190, 248, 239, 127, 191, 251, 207,  55,  28, 192,  65, 254,  31, 128,   0,   6, 251, 239, 174, 127, 254, 253, 129,  15,  30, 124, 128,   0,   0,   0,   0,   0,  22, 226,   1,   0, 224, 255, 208,  32, 142,   2, 208,   7,   1, 248, 125,  28,  14,   0,   0;
   0,  96,  12, 139, 207, 159, 127,  62, 190,  56, 240, 136,  15, 254, 249, 239, 127, 191, 251, 198,   3,  30, 224, 125, 190,  31, 128,  64, 239, 255, 255, 159, 255,  63, 240, 193,  63, 127, 255, 152,   0,   0,   8, 224,   0,   0,   7,   0, 200, 255, 213, 200,  52,   1, 200,  76,   6,  64, 161, 254,  61,   8,   0, 168;
   0,  96,   8, 143, 143,  15, 127,  12, 156,  56, 240, 128,  71, 158, 248, 238,  51, 175, 251, 206,  17, 140, 196, 109, 255,  31, 128,   0, 230, 255, 239, 191, 255, 126, 112, 128,  43,  15,  52,   0,   0,   0,   8, 224,   0,   0, 103,   0, 128, 255, 255, 192,  53,   7, 128,  72,   7,  64, 224, 241, 127,   8,   0,   0;
   0,  96,  28, 131, 207, 159, 127,  62,  30,  56, 240, 136, 111, 126, 252, 239,  55, 159, 251, 206,  19,  30, 224, 109, 254,  31, 128,   0, 231, 255, 255, 191, 255, 255, 241, 128,  15,  30, 116, 241,   0,   0, 104, 239,   0,   6, 103,   0, 128, 255, 255, 192,  48,   6, 128, 251,  71,  64,  96,   1,  76,  58,   0,   0;
 128,   3,  16, 236, 239, 223,  63,  95,  22,  62, 253, 228, 127,  59, 224, 128,  67,  14,  59, 238, 127,  12,  64,   0,  15,  25,   0,  64,   0,   1, 252, 255, 255, 253, 227, 142, 115, 236,  60, 247, 200,   1,   1,  32,   0,   2, 224, 249,   1,  64, 242, 255, 104, 186, 191, 243, 253,   3, 122, 253, 255,  79,  31,  30;
 203, 255,   0,   0,  24,  56, 176, 247,  96,  65, 155, 253, 253, 247, 206,   3,   2,   0, 100, 189, 255,  88, 203, 146, 120,  25,   0,  65,   0,   1,   8, 225, 204,   3, 131,   8, 102, 219, 109, 131,   9,  54,  13,   0,   0,   0, 164,   1,   0,  64,  48,  48,  28, 231, 244, 240,  14, 252, 251,  60,  16,  12,   0, 204;
   0,  34, 156, 207, 199, 223, 127,  30,  30,  60, 249, 196, 119, 255, 253, 239, 119, 159, 121, 192,  67, 190, 231, 125,  30,   3, 128,  64, 247, 255, 253, 255,  31,  60, 248, 160, 159,   7,   0, 128,   1,   3,   4,  32,   0,  22,   0, 137, 205,  99,  64,  48,   0, 200,   6,   6, 128, 178, 255,   9,   0,   0, 117, 118;
 180,  59, 223, 231, 226, 210,   0,   3, 199, 238,  93, 231, 114,   3,  60, 255, 127, 243,  72,  97,   8, 195,  48,  78,   3, 224, 255, 191, 123, 236,  18, 128,  42,  75,  36, 241,   8,  17,  15,  24, 228,  18,  18,  17,   3, 225,  28,   0, 128, 115,  20, 226, 191,  69,   0,   0, 180, 171, 116, 255,  63,   8,   0, 129;
  52,   0,   0,   0,   8,  30, 126,  56, 248, 240, 229,  15,  14,  56, 224, 129, 127, 191, 251, 206, 119,  60, 192,  81, 248,  31,   0,   0,   0,   2, 204, 124, 247, 255, 245, 135,  31, 252, 252, 177,  67,   4,  32, 128,   4,  30,   0, 240, 249,   0, 224, 255, 127, 176, 157,   5, 160, 254,  65,  32,   0,   0, 119, 116;
 107, 247, 255, 223, 240,  55, 128, 255, 127,  69,  26, 217, 227, 223, 255,  63, 132,  81,   6,  17, 200,  82, 174, 242,  86, 230, 252,  57,  35, 204, 248, 239, 255,   3,   0,  84, 164,   3,   3, 132, 255, 247, 183, 158, 202, 129,   4,   4,   1,   0, 240,  57,  12,  64, 254, 255, 147,   0,  18, 207,  32,   0,   0,  32;
 223, 255, 225,  27, 240,  53, 160, 209, 193, 195, 190, 255, 181,  87,   2,  17, 197,  84,  87,  63, 138, 255, 255, 255,  81, 160, 245, 255, 255,   3,   0, 209, 245, 147,   0, 128, 255, 247,  86,  75,  45, 125, 254, 243,  25,   1,   0, 207,  97,   0, 242, 255,  79,   2,   0,  88,   6,   9,   5,   0, 100,   0,  80,  16;
 255, 255, 239, 240,  56,  96, 192, 129, 225, 207,  63, 255, 255, 231, 158,  27, 136,  32, 132,  61, 253, 129, 248, 255, 255, 239, 227, 223, 127, 255,  14,   0, 128,   2,  15,  28,  96, 252, 175, 191, 127, 186, 240, 247, 127,  47,   8, 139, 255,  55,   0,  34, 255, 175,  49, 177, 188, 175,  86,   5, 129,  50,  48,   0;
   0,  98,   0, 143, 143, 159, 127, 126,  62,  56, 240, 136,  47, 126, 253, 239, 127, 255, 251, 198,   7,  60, 224, 121, 126,  31, 128,  72, 231,  91, 229, 207, 255, 127, 244, 255,  15,  61,  58, 128,   0,   0,  12,  32,   0,   0,  37,   8, 193,  96,  51,  16,   0,  12,  94,  15,   2,  64, 161, 255,  61,   0,   0, 200;
 180, 123, 199,  32,  32,  80,  32,  17, 225, 198,   5, 231, 120, 225, 140, 251, 127, 248,  64,  32,  79, 251, 247,  63, 255, 183,  35, 130, 255,   3,   4,  66,   8,   3,   0,  64, 134,  19, 197, 196, 191,  63, 240,   1, 191,  30,   0, 210, 239,   0,  34, 187,  31, 195, 224,  79,  19,  52, 219, 255,  16, 230, 255,  48;
 251, 191, 231,  16,  16,  48, 128, 243,  98, 207,  31, 255, 254, 251, 143,  49, 207, 124, 197,  17, 138,  80, 140, 227, 112, 252,  26,   1,   0,   0,   0, 224, 255, 147,   6, 144, 247,  59, 199, 156, 247, 254, 247, 255, 204,   0,   0, 240, 113,   0,  34, 113,  29, 148, 132, 244, 151,   8,   0, 238, 163, 251,  59,  48;
 251, 255,  15,   0,   0, 240, 241, 176, 162, 207,  31, 247, 248, 247, 223,  55,  14,  48, 192,  24, 231, 251, 255, 191, 255,  23,   0, 128,  27,  47,  60, 160, 152,  39, 143,  24,   4,  16, 232, 230,  27,  45, 104,  96,  22,  30,   0, 128, 193,  96,   0,   0,  16, 140,  39, 167, 125, 247,  11, 250, 127,  30,  23,  48;
 127, 196, 121,  54,  63,  63, 134, 136, 249, 243,  99,  16, 129,   4, 243,  95, 144, 223,  14,  84, 144,   0,   8, 128,   0,   0,   0,  64, 132, 147, 207, 110, 187, 125,  61,  53,  32,  64,  11,  49, 128, 244, 159, 127, 208,   7,   0, 136, 217,   0, 225, 255,  40, 224,  23,   5,   0,   0, 129, 221, 231, 193, 209, 243;
 251, 221, 255, 240,  27, 224, 247, 255,  35,  63,  15, 116, 208, 239, 135,  86, 218,  32, 132, 120, 245,  35, 123, 217, 255, 127,  96, 128, 209, 255, 255,  55,   0, 172, 139,  58,  64, 128, 169, 127,  90, 169,  88,  32, 255,  30,   2,   0, 128, 224,  56,   0, 146,   4,  39,   1,   0, 130, 129, 192, 127,  20,   0,   0;
  95, 196,  40,  26,  61, 127, 190, 152, 249, 251,  35,  16, 129, 132, 243,  95, 144, 255, 127, 148, 144, 157,  14, 128,  24,  20,  25,  16, 196, 144,  79,  46, 189, 127,  29,   4,  40, 126,  31,  33,   0,   0,   8,   0,   0,  16,   0, 128,  65, 128, 247, 255, 160, 250, 151,   0,   0, 128, 129, 251, 126, 207, 127, 124;
 255, 157, 255, 119, 243, 255, 255, 128, 128, 183,   7, 246, 243, 207,  55, 243, 212,  19,  77, 114, 130, 147, 255, 253, 151, 103, 227, 254, 255, 183,  16, 130, 255, 175,  39, 128,  20,   2,   0,   0,  57, 103,  54,  35,  51, 226, 255,  11, 174, 187,   4,   0,  16,  12, 248, 255, 195, 252, 223,   0,   0,  32, 160, 192;
 255, 204, 127,  54,  16,   0, 128, 255, 127, 127, 102,  17, 128, 172,   3, 213, 254, 123, 133,  17, 204,  96,   6, 128, 113, 252,  56, 129, 128,   0,   9,   4,   0,  32,   8, 176, 150, 255, 239,  63, 182, 252, 201,  74, 205,  20,   0, 128,   1, 192, 127,  31, 130, 203,   6,  64,  20,   1,   0, 246,  55, 193, 126, 116;
 190, 220, 255, 119, 115,  99,   2,   0, 128, 211,  47,  63, 177,   4, 190, 255, 188, 243, 140,  49, 136, 195,  56,  14, 128,  32, 115, 255, 189,  33,  80, 109,  49, 101,  24,   1,   8,   3,  15,   0,   4,   0,  18,  17,  16, 225,  13,   2, 225,  40, 194, 255, 191, 207,   3,   0, 180, 227, 112, 254,  24,   8, 128, 255;
 223, 252, 239, 243,  31,   0, 128, 239, 239, 223, 255,  63, 128,   7, 255,  30, 152, 255, 255, 255, 157,  97,   0, 130,  96, 176,  56,  33,   0,   0,   8, 100,   0, 100,  13, 164, 255, 255, 183,  25, 134,  24, 131,   0, 141, 157, 198,   0, 144, 124, 127,  87, 162, 239, 150,  80,   4, 235,  97, 180,  26,   5,   0, 197;
   4,  34, 223, 143, 128, 192, 127,  63,  60,  56,  16, 128,  64, 142,  57, 239, 124, 179, 201,  78,  38,   0,   0, 192, 255,  31, 136, 216, 255, 255, 231, 159, 123, 236,  63, 239,  12, 240, 254, 255, 255, 207,   1,  12, 192,  64,   7,   0, 255, 191, 205, 239,   3,  16,  45, 189, 254, 155, 254, 111, 155,  77,   0, 168;
  75, 196,  56,  22, 255, 255, 191, 223,  31,  57, 254, 248, 255,  60, 242, 209, 128,  15,  62, 252, 251,  30,  11, 128,  24,  16,   0,  64,   4,  17, 252, 255, 239, 221, 251, 159, 231, 252, 125, 135, 217,  38,   7,  40,   0,   0, 224, 185,   1, 192, 255, 191, 224, 251, 187,  17,  24, 166, 243, 255, 255, 223,  31,  26;
 235, 255, 231,  91, 240, 181, 128, 255, 127,  69, 190, 249, 165,  67, 254,  63, 165, 208,   4, 177, 234,  83, 171, 146,  87, 254, 254,   9,   1,  92, 251, 255, 191,   1,  80,  93, 237,  17,  65, 196, 255,  55, 181, 142, 203,  29,   0, 128,   1,  64, 240,  57,  32,  75,  98,  10,  19,   0, 130, 233,  34,   0,  16, 240;
 223, 255,  96,  25,  16,  16, 128, 245,  96,  65,   2,  25, 240, 243,   3,  17, 132, 112,  71,  23, 222, 255, 223, 191,  80, 128,   0,  65, 112, 227,  13,  19, 200, 130,  13,  54, 247, 247, 215,  79,  63, 125, 255, 123,  44,   7,  32, 255, 127, 151,  63,   0, 192,  15, 248,  92,  26,  15,   0, 194,  32,   0,  16,   0;
  95, 236,  63,  16, 184, 121, 178, 217,   9, 211,  39,  55, 137,  36, 190, 255, 254,   0,   4,  16, 227,  89,  15, 144, 253, 191,  47, 135, 252,   2,   0,   0,  57, 111, 190,  57, 206, 152,  99, 254, 253, 103,   1,   8, 255,  31,   0,   0, 225, 176, 255,  19,   1,   0,  36,  44, 254, 255,  79, 190,  59,  71,   0, 132;
 255, 157, 255, 246, 123, 224, 128, 227,   1, 255, 127, 247, 251, 255, 191, 144, 136,   0,   4, 120, 253,  99,  59, 219, 255, 255, 111, 135, 255, 254, 253,  23,   0,  12, 187,  60, 192, 128, 249, 255, 222, 249, 217,  12, 255,  30,   0,   1, 192, 247,  25,   0, 144, 252,  55, 167,  56, 148, 139, 247, 147,  65, 246, 116;
 207, 255,  32, 144,  28,  44, 216, 160, 160, 129, 131, 150, 252, 247, 203,  22, 128,   8, 182, 156, 177,   8,  73, 255,  40,  12,   0,  96,   0,   0,  40, 247, 220,  17, 195,  12, 227, 238, 191, 191,  72, 128, 240, 255, 116,  15, 160, 225, 240, 108,   2,   0,  16,  36, 254, 253,  63,  76, 102,  54,   1,   0, 114, 208;
 180,  88,  75,   2, 224,  31,  32,  89,  65, 210,   5,   1,   0,   0, 245, 239, 247, 255, 123,   3,   2,  80, 244, 126, 255, 159,   0,   0, 128,   2,  15,  36,  16,  98, 252, 243, 191,  27,  66,   0, 101,  86, 180, 239, 255,  31,   0, 248, 255, 191, 239, 255,  15,   0,   0,   8, 134, 235, 245, 190,  45,   0,  80,   0;
   4, 106,   0, 169, 175,  31, 136, 127,  77, 122, 245, 165, 159, 255, 249,   0,   1,  77,  58, 239, 121,  77,   1,   2, 125, 255, 190, 133,  22,  58, 228, 128, 223, 191, 223,  12,  99, 206,  48, 195, 140,  17,  13,   0, 169,  20,  16,   1, 128,  32,   0,  50,   8,  32,  16, 252, 255,   3,   0, 255,  63,   5,   0,   0;
  32,   3, 158, 207,   7, 130,  71, 110, 255, 124, 254, 255,  63,   8, 124, 232, 109, 255, 251, 207,  12,  34, 248, 127, 254, 206, 197, 107,  47, 124, 254, 253, 103, 220, 112, 227,  25,  37, 154,  24, 102, 136, 240, 247, 127,  15,   8,   1, 128, 101, 128, 128, 120, 252, 255,  15,   0, 254, 229,  36,   0,  32, 114,  80;
 255, 133,  51,  52,  26, 226, 252, 160, 243, 231, 238, 127, 191,   0,  34, 152, 238, 130, 253, 254, 255, 185, 217, 197, 168,   0,   0,  64,   8,   3, 130, 120, 226, 203, 239, 255, 255,  33, 224, 211, 223, 143,   6,  32,   0,   2,  37,   9,   0,  64,  48, 128, 248,  31,  56, 186, 207,   1,   0, 192,  96,  24, 125,   2;
 223, 238, 127, 183, 241, 127, 129, 129, 221, 203,  22, 243, 251, 198,  26, 122, 228, 209,   7, 113, 250, 223, 223, 190,   1, 160, 181, 251, 110,   3, 224, 251,  41,  69,   0,   0,   0,   0,  64, 231,  61, 119, 182,  49,  25, 161,   8,  65, 160, 107,   0,  32,  24, 212, 135, 199, 249, 151,   0,   0,  96,   0,  64, 193;
   0,   3, 148, 253, 143,   6,  77, 100, 255, 254, 216, 243, 127, 191,  40, 160,  73, 110, 187, 207, 125, 100,   0, 199, 239, 159, 128,  67,   2,   8, 248, 251, 239, 153, 241, 223,  17,  36, 184, 243, 198,  25, 192, 128, 222,  30, 232, 249, 125,   0,   0,  32,  24,  16, 252, 255,   3,   0, 255, 101,   0,   0,  64, 192;
 148,  59,  65,   0,  32, 208, 249, 127, 119,  10,   4, 224, 126, 160,   0,  33, 111, 184, 249,  47,   2,  17, 148,  96,  61, 252,  62, 144,  64,   0,   0,  80,  72,   3,   0, 192, 127, 255, 255, 127,   1, 196,  57, 206,   0,   0,   0, 128,  65, 232, 191, 159, 231, 255, 207,   0,   0, 192, 229, 247, 255,  95,  30,  48;
  20,  72,   0, 170, 239,  31, 138, 127,  93, 122, 252,  45, 141, 255, 253,  71,   1,  77, 122, 237, 123,  93,  65,   2,  72, 176, 254, 237, 183, 127, 229, 133, 151, 255, 255, 140, 103, 220, 125, 255, 253,  21, 147,  24,   8,   0,   4, 129, 128,  96,  64, 112,   8,  32,  20,  20, 254, 131,   0, 128, 127,  13,  24,   0;
   0,   3, 148, 255, 143,   2,   5, 102, 255, 252, 252, 251, 127,  26,  40, 224, 107, 239, 187, 207,  29, 100,   0,  67, 239, 223, 201,  67,  15,  31, 242, 251, 239, 221, 240, 223,  59, 109, 186, 145, 198,  24, 192, 140, 255,  31,   0, 128,   1,  64,  50,   0,  64,  16, 254, 255,   3,  96, 255,  37,   9,   0, 192, 244;
 223, 255,  32,  24,  16,  16, 128, 247,  96,  65,   2,  25, 240, 243,   3,  19, 204, 116,  71,  17, 206, 255, 143, 187, 112, 130,  22,   1, 240, 227,   4,   3,  72, 131, 212, 127, 255, 117, 211,  79, 183, 124, 255, 123, 172,   7, 242, 255, 255, 255,  15,   2,  64,  93,  90,  28,  82, 143,   6, 210,   0,   0,  64, 209;
   0,  51,   6,   0,   0, 208, 127,  48,  32,   0,   0,   0,   0, 224, 129,  15,  30, 184, 227,   4,   7,   0, 128,  64,  56,  27,  14,  24, 240, 227,   7,   7,  24, 224,  13,  32,   4, 250, 239, 189, 195, 236, 107, 255, 246,  31, 114, 159, 238, 131, 233, 118, 128, 250,   7, 192,   4, 237, 255,  23, 207,   1,   0, 144;
 107, 196, 190, 223, 247, 255, 191, 138, 154, 189, 251,  30, 128,  13,  55, 252, 245, 131,  13,  80, 192, 134,  47, 156,   2,  64,  83,  34, 133,  20, 249, 255, 255, 255, 127, 159,   0,   0,   0,  96,   0,   3,   0, 128,  18,  25,   0,   0, 192,   0, 115,  81,  16,  12,   8, 175, 247, 252, 251,   0,  64,  54,  50,  32;
 176,  19, 210, 237, 238, 222,  13,   3, 215,  38, 204,  96,  70,  25, 100, 142,  49, 254,  59, 231,   0,   7,  52,  96,   2,  96,  80,   0,   1, 238, 191, 191, 254, 122,   0, 128,   9, 103,  30,  56,   0,   0,   2,   0,   0,   0, 196, 145,   8,   0,   0,  32, 120, 255, 255, 223,   3,   0, 244, 255,  16, 128, 124, 253;
   4, 122,  77, 163,  13,   0,   0, 127, 109,  90,  52,   1,   0, 246, 153,  38,  24, 253, 243, 175, 127,  96,   0,   0, 100, 152,   8,   1, 128, 218,  45,  36,  16, 244,  31, 164, 255, 255, 255, 159, 198, 152, 129,   8, 237,  31,   3,  48, 217, 246, 125,  68, 211, 254, 158,  84,   8, 239,  65,  36,  19,  65, 103, 247;
   0,  96, 158, 207, 231, 223,  63, 127,  95,  60, 254, 255,  63, 127, 254, 255, 191, 255, 251,  65,   0, 127, 244,  32,   6, 228, 255, 191, 191, 124, 243, 137, 183, 255, 255, 181, 191, 126, 247, 156, 247, 254, 255,  95, 255, 225,   4,   0, 243,  57, 197, 226, 251, 191,   3,  80, 252, 111,  54,   2, 194, 253, 160, 161;
  52,   0, 192,  15,  38, 215, 111,   0,   0, 254, 253, 239, 255, 255,  97, 193,  77,  22, 217, 239,  62, 181, 129,  12, 128,   1,   3,   6,  24,  63, 252, 241, 223, 159,  99, 128, 117,  22, 244, 127, 207,  13,  35,  49,  48, 230, 127, 186,   9,   0,   0,  48,  88, 255, 255, 255,  67,   0,   0, 128,  96, 200, 253,  75;
  32,   3, 146, 207,  71, 130,  79, 110, 254,  36, 254, 255,  63,   9, 100, 232, 109, 255, 219, 199,   4,  38, 248, 127, 254, 206, 197,  75,  47, 127, 254, 253, 231, 220, 112, 131,  29, 255, 223,  24, 102,   8, 240, 247,  94,  14,   0,   0, 194,  97,   0, 128, 120, 252, 255,   7, 128, 254, 245,  38,   0,   0, 242, 240;
   6,  96,  29, 128,   9,   8,  16, 125, 253, 250,  33, 161,  75, 254, 153, 227,  95, 127, 233, 243, 127, 120,  64,   3, 253, 153, 136,  17,  70, 155,  76, 128,  95, 143, 180, 210, 150,  59, 241, 247, 223, 191, 225,  44, 140,   6, 231,  25,  12, 118,   4,   0,  89,  12,   8,   8,   2, 150, 129,   0,   0,   0,  96, 202;
 176,   3, 128, 108,  14, 196, 124, 119, 115,  36, 204, 104, 110, 249, 252, 143,  47,   0, 152, 232, 127,  36,  33, 193, 255,  95, 108,  88,   0,  68, 152,  32,  14, 127, 255, 253,  65, 132, 249, 247, 223, 137,  65,   0, 198,  24,   0,   1, 208, 116,   0,   0, 185,  12,  33, 171, 127, 151,  75, 164, 155,   4,   0,   0;
 224,   3, 128,  76,  14, 228, 127,  55,  50,  36, 217, 204,  62, 123, 237, 255, 127,   4, 144, 200, 103,  36, 225, 217, 255,  95,  64,   0,   0,   4,  12,  32,   6, 122, 254, 251, 195, 132, 240, 246,  91, 139,   0,   0, 102,  30,   0, 129, 251,  52,   4,  34, 155,  12,  32, 162, 127, 151,  74, 236,  57,   4,   0,   0;
 123, 221, 235, 127,  87, 224, 255, 130,   2, 133, 255,  94, 144, 255, 127,  21, 152,  55, 158, 244, 148, 163, 184, 253, 191,  95, 103, 206, 189, 119,  29,   5, 144, 254,  15,  36,  32,  64,  12,   0,   0, 138, 124, 239, 247, 126,  16,   2, 193,  32,  64,  48,   8,   8,   6,   0, 134,  99, 254, 127,   0,   0,  96, 192;
 180, 249, 223, 103, 224, 209, 119,  63,  11, 255, 255, 255,  31,  47,  60, 225, 204, 251, 235, 247, 127, 179, 176,   8, 255, 249, 251, 134,  31,  62, 254, 252, 231,   4,  48, 192,   4, 121, 252, 255, 223,  13, 113, 137, 255,  31,  24, 131,   0,   0,   0,   0,  28,   7,  64, 137,   2, 128, 129, 224, 106, 119,  16,   0;
 224,  19,   0, 232,  14, 132, 220, 119,  50,  36, 136,  64,  78, 251, 229, 166, 127,  36, 144, 224, 109,  46,  67,  17, 127,  95,   8,   0,   0, 132, 156,  98,   4,  24, 238, 251, 219,   5, 177, 214, 222, 171,  69,   0,   4,  16,   0, 129, 255, 255, 127,  79,   7,  80, 102,  38, 223,  55,  90, 237, 251,  15,  20,   0;
 128,  51, 215, 237, 230, 194,  69,   0, 151, 238,  93, 230,  18,   3,   8, 160, 125, 255, 251, 111,   0, 247,  52,  47, 135,  97, 225, 246, 255, 175, 183, 158, 254, 235,  32, 131,  61, 127,  14,   0, 231, 254, 223,  59,  51,   2,   0, 139, 205, 162, 245, 218, 255, 151, 200, 248, 255,   1,  20,  65,   0,   0, 144, 176;
  79, 134,  48, 157,  31,  34, 128, 252, 255, 105,  66, 145, 239,   0, 106,  26, 128, 194, 190, 223, 253, 108,   9,   2,   0, 128, 152, 113,  66, 137, 174, 251, 238, 252, 255,  63,  40, 228, 184, 255, 206, 249, 207,  56,   0,   1,   0, 129,  65, 192,  48, 128, 248,  62,  51, 177, 255,   3,   0, 222, 127, 137,  16,  16;
  79, 134,  48, 156,  31,  46, 128, 236, 255, 121, 210, 145, 239,   8, 234,  26, 128,  66, 190, 223, 253, 108,  75, 131,   0, 128, 144, 121,  66, 137, 170, 250, 174, 253, 255,  63,  32, 204, 184, 231, 142,  57, 207,  56,   8,   1,   0, 129, 193,  96, 144, 128, 240,  44,  51, 177, 255, 247,   0, 128, 118, 128,  16,  16;
  20,  72,  31,   2,   0,  16,  32, 125, 125, 122, 101,  33, 139, 255, 253, 199,  14, 127, 234, 101, 223, 255, 135,   2, 121, 144,   8,  65,   0,  16, 205,  32, 147, 191, 191, 180, 166,  90, 237, 133, 151, 127, 255,  56, 141,  23, 251, 251,  24,   0,  37,  16,   0,  44,   6,  16,   4,   1, 146,  65,   2, 241, 117,   0;
  52,  64, 217,  14, 227, 223,  63,  27,  25, 182, 101,  36, 131, 255,  49, 193,   0,  19,  75,  70,  18, 223, 255, 127, 155,  39,  34,   0,   4,  16, 220, 247, 223, 191,  55, 132,  52, 254,  95,  47,  33,  68,  56, 227,  33,  14, 192,   1,   0, 224, 115,  81,  80, 190, 191, 241, 184, 239, 102,  50,   0,   0,  96, 208;
  79, 134,  48, 253,  31,  32, 128, 236, 255, 105, 210, 145, 239,   0,   2,   8, 128, 230, 159, 223, 188, 100,  13,   3,   0, 128, 144,  97,   0,   1, 170, 250, 238, 255, 111,  15,  40, 228, 156, 127, 174,  25, 195, 184,   8,   1,   0, 129, 241, 255, 158, 128, 240, 190, 187, 241, 255,   3,   0, 255,  34, 128,  16,  16;
 132,  59, 215, 229, 234, 194, 125,   4, 132, 254,  29, 230,  94,   2,   0, 160,  96, 186, 251, 111,  21, 163, 240, 111, 191, 109, 227, 198, 255, 175, 182, 222,  96, 216,  11, 131,  58,  34,   4,   0,   2, 255,  95, 103, 127,  23,   0, 131,  65, 224, 184, 244, 255, 191, 249, 251, 255,   3,  16,  65,  64,  48,  16,  48;
 207, 166,  52, 189,  30,  32, 128, 228, 253, 235,  82, 179, 238,   0,   2,  24, 128, 192, 190, 223, 189, 236,   9, 131,   0, 128, 144, 115,  74, 139, 174, 250, 238, 216, 235, 127,  40, 236, 187, 255, 254, 248, 203,  63,   8,   3,   0, 137,  65, 224, 184, 144, 240, 253,  63, 177, 253,  79,   0, 128, 127, 136,  16,  16;
  75, 134,  32, 159,  31,  32, 128, 255, 126, 105, 210, 145, 231,   0,   2,  16, 128, 230, 159, 223, 156, 100,   8, 130,   0, 128, 144,  97,   2,  11, 238, 255, 239, 253,  15, 132, 121, 230, 158,  59, 238,  27, 195,  56,   8,   1,   0, 129, 193,  96,  16, 192, 123, 182, 184, 248, 255,   3,  68, 255,  18, 128,  80,  16;
  75, 255, 174,  27, 240, 253, 255, 148,   0,   1,  58, 222, 253, 199, 222,  31,   0,   0, 116,  28, 160, 158, 253, 255, 255,  15,   0,  64,   0,   0,   8,  97,   0,   5, 223, 255, 255, 131,  64,  75,  41,   1,   0, 130,  32,  30,   0, 161, 255,  61,  10,   5, 130, 124, 254,  62,  73, 248, 253,  50,  24,   0,   0,   0;
 223, 174,  96, 185, 190,  14, 128, 192, 255, 251, 130, 179,  78,   0,  66,  10, 128, 196, 191, 255, 189, 237,   9,   6,   0, 128, 176, 243,  74, 137, 162, 250, 238, 253, 239,  63,  40, 228,  24,  99, 140, 253, 159, 121,   8,   3,   0, 129, 193, 160, 176, 144, 248, 190,  59, 177, 253, 127,   0, 128, 127, 157,  16,  48;
 107, 244,  62, 208,  25, 224, 255, 191,  62,   1,   2,  16, 200, 239, 147,  86, 154,  32,   4,  16, 229,   0,  10, 209,  62,  31,   8,   0,   0,   3,   0,  64,   8,   3, 130, 248, 254, 255,  15, 128, 218, 170,  77,  12,   0,   0,   0, 129,  65, 254, 127,  31, 197,  79, 248, 124, 158,  37, 114, 255, 151, 111,  29,  48;
 180,  72, 201, 239,  47,  69,   0, 111, 255, 254, 253, 227,   7,  31, 124, 224,   9, 231, 155, 239,  60, 103,  48,  67, 231, 185, 224, 193,   4,  17, 248, 254,   7,   1,  80, 192,  57, 103, 148,  17,   6,   0, 208, 160,   1,   8, 165,   0, 128,  32,   0, 189, 254, 255, 251,  67,   0,   2,  64,   0,  72,  62,  43, 190;
 193, 255, 231, 249, 221, 224, 201, 239, 103,  13,   0,   0, 192, 247,  15,  54, 216, 100, 151, 183, 125,   0,   0, 192, 255,  31,   8, 208, 243, 143,  53, 134, 220, 183,  79, 134, 255, 255, 191,  31, 194,   0,   0, 172, 194,  30,   0, 255,  77, 219,  65,  98,  72, 190, 158,  80, 156, 207,  64,  36, 136, 127,  63,  16;
  75, 132,  32,  31,  23,  32, 200, 255, 126, 113, 242,  25, 128,  92,   3,  16, 200, 247, 223, 223, 190, 100,   8, 129,  32, 144,  28, 105, 164,  83, 207, 189, 255, 255,  79, 134,  57, 118, 156, 177, 255,  27,  67,  24,   0,   0,   4, 129,   1,   0, 224, 243,  89, 178, 184, 255,   7,   0,   0, 193,   2,   0,  72, 200;
 223, 140,  97, 240, 191, 111, 128, 128, 221, 251, 199,  51, 142, 188,   3,  16, 192,   0,  60, 255, 185, 205,  89, 230, 201,  40,  33, 194, 200, 131, 205, 126, 255, 187, 243, 127, 114, 236,   8,   3,  12,  18,  20,  33,  89,  31,   0, 128, 201,  32,  48,  48,  64, 125,  63,  49,   8, 160, 241, 255,  61,   6, 144, 178;
  79, 254, 239, 155, 240, 253, 255, 132,   0,   1,   2,  24, 224, 192, 223,  31,  48,   0, 116,  30, 160,   0, 253, 253, 191,  31,   4, 200, 254, 255, 127, 255, 185,  96, 211, 111, 255, 131,  64,  91, 105,   1,   0,   0,   0,  22,   0, 159,  79, 131, 241, 208,  20,  96, 252,  62,  75, 120, 237,  38,  93,   4,  16,   0;
 223,   6,  96, 189, 191,   6, 136, 192, 255, 235, 198, 179, 111,  16,  98,   8, 128, 198, 159, 255, 184, 197,  25, 102,   0, 128,  48,  99,   8,   1, 170, 250, 238, 255, 111, 135,  41, 100,  24,  97, 236, 251, 159,  49,   8,   3,   0, 129, 193, 254, 190, 128, 224,  46,  16, 248, 255,   3,   0,   0,  96,   0,  16,  16;
  75, 246,  62, 208,  27, 224, 255, 174,  44,  25,   3, 208, 251, 230, 154,  18, 138,   0,   4,  16, 245,   0,   8, 209, 190,  31,   0,  64,   0,   3,   0,  64, 128,   3, 146, 252, 255, 235,   5, 144, 218, 170,   4,   4,  64,   0,   0, 129, 193, 252,  62,  27,   5, 105, 254, 126, 159,  36, 254, 127, 159,  15,  28,  16;
 254, 252, 235, 122, 117, 225, 130, 129, 137, 255, 255, 119, 145,  21,  19,   0, 128, 245, 255, 191, 191, 255, 189, 143, 243,  33,  33, 194,  29,  55,  95,  60, 245, 134,  17,   6,  48, 244, 220,  35,  15, 254, 255, 113,  51,   6,   0, 128, 201,  96, 240, 250, 253, 255, 255, 243, 253, 123,   0, 128,   0,  32,  16,  32;
  79, 252,  40,  27,  16, 240, 255, 144, 168,   1,   2, 144, 253, 196, 218,  31,   4,   0, 196,  28, 162,   0, 137, 224, 191,  31,   0,  80,   0,   0,   0,  98,   0,   1, 223, 255, 255, 131,  64, 219, 251, 131,   0,   4,  64,  18,   0, 129, 240, 255,  30,   5, 147, 244, 254,  62,  73, 252, 255,  47, 155,  14,  16,  16;
 121, 213, 255, 255, 243, 227, 199,  15,   2, 191, 255, 255, 179,  15,  62,   8, 128, 131, 222, 127, 144, 131,  56, 239, 135,  79,  66, 132,  63, 127, 255, 169, 131,   4,  17,   4,  32, 224,  14,  49,   0, 252, 255, 127,  35,  70,   0,   0, 201,  96, 216, 254, 175, 243, 215, 209, 252, 255,   1, 128,   0,  48,  16,  32;
 180, 123,  31,   0,   0,  16, 112, 127, 111,  64,   0,   0,  72, 225, 189, 239,  62, 120, 192,   0,  79, 120, 242, 115, 127, 159,   0,  17,   0, 192,  29, 103,  24,  32, 128, 121, 198, 153, 235, 190, 119, 252, 248, 238,  12,   0,   0, 160, 221, 231, 127,  76,  22,  64, 102,   4,  24, 254, 255,  23, 205,   8,   0, 128;
  75, 135, 190, 223, 215, 163, 255, 255, 127,  61, 250, 248, 255, 255,  46, 240, 205,  63,  15, 210, 215,   0, 168, 209, 126,  30, 192, 192, 127, 223, 244, 211, 239, 159, 247, 158, 247, 255, 243, 255, 211, 168,  96, 238,  70,   2,  32, 137,  65,   0,  48,  48,  88,  28,  10,  16,  22, 205, 195, 164, 235,  10,  16, 144;
   4, 104,  29, 163, 175,  31,   3, 125, 253, 122,  48, 128,  73,   4,  24, 250, 127, 255, 253, 255, 127, 125,  64,   2,  77, 144, 136, 145, 198, 155, 231, 255, 255, 255, 240, 203,  95,  63, 240, 243, 132,  16, 145, 248, 137,  14,   0,   0, 205, 234, 209, 192, 124,  31,   8,   8,   6, 193,   1, 128,  32,  96, 113,  32;
 255, 221, 227, 248,  31,  32, 192, 128,   0, 247, 143, 119, 148,  17,   3,  16, 200, 100, 151, 255, 253, 227,   0, 128,   0, 240, 123, 231, 153,  32,  16,  80, 212, 131,  68, 126, 251, 231,   5,   0, 134, 186, 223,  25, 180, 225, 255, 251,  48,  24,   2,  35,  93, 244, 255, 244, 255, 127,  16, 136, 247, 253, 255, 255;
 251, 135,  55, 240, 255, 239, 149, 130,   0, 165,  79,  94, 154,   0,   2, 176, 242, 128,  37, 250, 249, 239, 127, 156, 139,   3,   0,   0,   0,   0, 176, 255, 255, 255,  15, 128, 218, 170,  13,   0,   0,   0,  12, 224,  50,  30, 248, 225,   0,  76, 242, 241, 249, 158, 184, 251, 255, 116, 122,  16,   0,  32,  16, 144;
 203, 255, 231,  27, 240,  52, 160, 208,   0, 193,  19,  31, 128, 247,   3,   1, 128,  80,   7,  20, 210, 255, 255, 191,  16, 128,  23,   0,   0,   0,  13,  32, 208, 163,   5, 126,  32, 112,  75,  37,   0, 116, 174, 115,   0,   5,   2, 254,  89,  84,   0,  64, 221, 255, 255, 151, 240, 254, 191,  24,   0,  32,  32, 160;
   0,  64,   0,   0,   8,   0, 112,  48, 160, 208, 225,  15,  63, 252, 241,  71,  15, 255, 251, 143,  15,  56,   0,   0,  40,  16,   8,  64,  24,   3,  68,  96, 255, 255, 247,   4,   6,  24, 248, 249, 231, 221,  99,  60, 128,   2,   0, 137, 201,  32,  48,  49, 104, 254, 255, 143,  96, 218,  12, 254,  63,  73,  25,  16;
 150,   0,  16,   0,   0,   0,   0, 112, 240, 242, 229,  39,  30,  56, 224,   9,  14, 126, 250, 207,  63, 252, 193,   7, 120,   0,   0,  65,   0,   3, 140,  32, 255, 219, 167,   4,   6,  24, 240, 251, 143, 157, 235, 121,  12,   6,   0, 152,  73,  96,  54,  19,   1, 240, 255, 143, 105, 210,   9, 244, 127,   8,  17, 187;
  95, 196,  32,  56,  63,  63, 128, 128, 253, 251, 231,  19, 140, 188,   3,  16,  64,   0,  52, 255, 249, 205,  91, 214, 200, 128,   1,  67, 140,  19, 197, 118, 223, 183, 243, 254, 243, 225,  48,  71,   8,   0,   8,   1,  24,  31,   0,   0, 193,  96,  48,  48,  72, 120, 126,  63, 217,   2, 104, 255,  63,  14, 148,  52;
 255, 132, 127,  20, 242, 251, 119, 128, 145, 183, 127, 254, 251,   8,  34, 240, 230, 255, 111, 114, 131, 153,  12,   4,   0,   0,  25,  98,   8,   0, 136, 240, 251, 203,  36, 130, 158, 123, 111,  60,   0,   4,  43, 121, 144, 161, 140, 248,   1,  76,   0, 224,  93,   4, 136, 220,   6,  64,   0, 128, 126, 208, 192, 255;
 160, 123, 199, 235, 229, 196,   9, 103, 239,  14, 156, 233, 127, 255,  77,  98,  73, 100, 144, 175,  12,   3, 240, 127, 103, 238, 247, 185,  99,  12,  48, 193,  77, 255,  95, 174, 255, 255, 151,  31,   0, 152,  24,  64,   2,   0,   4,   0, 193, 123,  16,   0, 208, 190,  46, 112, 158,  75,  32,  16, 125,  24,   0, 136;
 255, 221, 251, 126, 119, 227, 238, 139,   1, 247, 239, 119, 145,   5,   3,   0, 128, 163,   7,  54, 144,   1,  56, 232, 163,  61,   0, 128,  21,  55,  93, 124, 243, 167,  49, 119,  48,  96,  10, 125, 240, 195,  17,  38, 227,  22,   2,   0, 201,  96,  16,  48, 232, 253,  31,  19,   0, 254, 223, 190, 255,   4,   0, 178;
 158,  72,  65,   0,   0,   0,   0,  96, 224, 192, 165,  47, 125, 252, 209,   1,  15, 125, 251, 239,  63, 253, 209,  15,  64, 128,   0,  65,   8,  35,  12,  96, 132, 255, 223,  38,   0,  28, 248, 243, 135,  29, 251,  57,   8,   6,   0, 153, 201, 255, 255,  63,   1, 248, 255, 135,  96, 146,   0, 240,  54,   8,  17, 251;
 252, 221, 255, 118, 115, 243, 230,  11,   3, 255, 255, 127, 147,  13,  55,  85, 128, 115, 207, 127, 144, 243, 191, 173, 243,  53,  32, 128,  29,  55, 221,  36, 243,   7,   0, 128,  32,  67,  14,  41, 175, 255,  31,  35,  35,   6,   0,   0, 201,  96,  48, 120, 252, 255, 215, 241, 253,   3,   0,   1,   0,   0,   0, 242;
   4,  64,   0,   0,   0,   0, 112, 112, 224, 240, 225,  15,  31, 254, 193,  65,  79, 127, 251, 207,  31, 252, 192,   3, 120,   0,   0,  64,  28,   3,   4,  64, 223, 191, 247,   6,   6, 252, 254, 185, 231, 158, 227,  32,   4,   2,  37, 136, 193, 124,  22,   1, 192, 255,  31, 145, 232, 131, 252, 255,  18,   0,  93,  74;
 207, 254, 111,  17, 240, 253, 255, 128, 128, 129,   2, 242, 249, 230, 158,  27,   0,   0,   4,  28, 176, 155, 255, 253, 191,  15,   0,  94,   0,   0,   8,  96,   0,   1,  15, 108, 255, 131,   0, 203, 121,  67,   0,   0,  16,  26,   0, 129, 245, 255,  30, 133, 159, 228, 252, 254,  79,  60, 205,   0,  88,  54,  16,   0;
  95, 252,  32,  16,  16,  61, 250, 253, 105,  83,   3,   0, 128,   0, 211,  15, 144, 157, 254,  31, 144,  60, 205, 161, 121,  31,   0, 208, 244, 131,   3,  14,  16,  96, 205, 101, 111, 255, 127, 137,  33, 220, 237, 110,   0,   2,   0, 128, 255, 186, 255, 255, 167, 251, 247, 244, 174,   9,  52, 219, 103,   0,  16,  32;
  75, 228, 191,  23, 145, 243, 247, 190,  28, 189,  51, 144, 195, 175, 191, 255, 132, 251, 238,  85, 150, 251, 143, 128,   0, 224, 159,  32,  70,  26, 228, 194, 155, 239,  63, 132,  36,  82,  70,   0,   1,  76,  15,   0,   0, 149,   6,   0, 201, 234,  50,   0, 176, 174, 146, 250, 255, 121,   0, 152,  52,   0,  64, 229;
  75, 244, 190, 215, 219, 161, 195, 255,  14,  17,  34,  24, 128,  68, 191, 255, 186, 235, 236, 223, 255,  34,   8, 128,   0,  80, 222,  60, 247, 210,   3, 132,  57, 255,  31,  33,   8, 252, 255,  63, 130,   0,   3,  24, 128, 209,   4, 214, 111, 155, 255, 215, 251, 255,   7,   0,   4,  67,   0,   0, 122, 223,  12, 173;
 255, 221, 251, 126, 119, 231, 134, 139,   1, 247, 239, 127, 147,  13,   3,  16, 128, 199, 255, 127, 144, 247,  61, 172, 251,  61,  32, 128,  29,  55, 221,  48, 195, 174,  61,  38,  48,  96,  14,  33, 164, 255,  31,  35,   1,  70, 119,  25, 136,  96,  16,   0, 249, 255, 223, 243, 253,  35,  20, 203,   0,   0,   0, 128;
   4,   0,  16,   0,   0,   0,   0, 112, 224, 224, 193, 143, 127, 252, 248,  15,  14, 255, 250, 239,  63, 253, 193,  15, 112,   0,   0,  65,   0,  99,  12, 160, 175, 255, 175,   4,   6,  88, 248, 227,   7,  29, 226, 249,  12,   7,   0, 153,  73, 224,  54,  18,   1, 160, 255, 159,  97,   2, 104,  97,   0, 128,  89,  51;
  20,   0,  25,   0,   0,   0,   0, 112, 224, 192,   1,  15, 122, 254, 249,   7,  14, 127, 250, 239,  63, 253, 192,  15, 112,   0,   0,  65,   0,   3,  12,  96, 128,  63, 189,  36,   6,  88, 248, 251, 135,  29, 235,  57,  12,   6,  32, 185, 249, 255, 222, 127,  15, 240, 255, 159,  97, 146,   8, 244,  50,   8,  17, 250;
 254, 157, 251, 126, 115, 227, 230, 129,   1, 247, 239, 127, 147,  13,   7,  16, 128, 243,  15,  38,   0,   0,  24, 232, 163,  61,   0, 128,  29,  55, 220,  48, 243,   3,   1,  68,  48,  67,   6,  25, 240, 195,  21,  38, 225,  22,   2,   0, 201,  96,  16, 122,  93, 243, 223, 215,   1, 252, 255, 127, 159,  15,  16,  48;
 107, 253,  63,   0,  16, 184, 243, 144,   0,   0,   0,  24, 224, 224, 159, 127, 126,  16,   0,  16, 226, 186, 239, 253,  24,   7,   4,  88, 240, 227,  31, 111,  24,  32, 154, 121, 206, 145,  65, 206,  57, 111,  14,   0,   0,  16,   4, 157, 207, 239, 123, 204,  22,  64,  39, 164, 255, 255,  31, 186,  16,   4,   4, 254;
  75,  38,  32, 152, 159,  63, 191, 128, 148, 255, 243, 151, 223, 255, 251,   1, 129,  14,  54, 148, 144, 140, 238, 255, 140,  12,   0,  64,   8,   3,   4, 192, 134, 191, 255, 188, 163, 220, 255, 255, 112, 244,  10,  35,   0,  34, 111,   8, 136, 120,  62,  19,   0,  40,  22,  16,  62, 223,   7, 150, 117,   8, 201, 250;
  22,  64,   0,   0,   0,   0,   0, 112, 224, 240, 225,   7,  28, 252, 193,   1,  95, 127, 251, 207,  63, 252, 192,   7, 120, 128,   0,  65, 220,   3,   4,  80, 223, 183, 213,  70,   6, 252, 255, 179, 255,  30, 227,  48,  12, 162, 111,   1,   0,  96,   0,   0, 248, 255, 255, 241, 184,   3,  64, 255,   0, 128, 253,  79;
  79, 132, 255,  23, 144, 115, 231, 255,  28, 127,  99, 144, 211, 239, 191, 255, 132, 255,  79,  84, 130, 251,  14, 128,  20,  16,  26,   0,  70, 154, 228, 226,  11, 253,  63, 160,   4,  82,  78,   0, 161,   6,  37,   8, 128,  29,   2,   0, 253, 238,  18,   0, 144, 142, 146, 251, 255,  33,   0, 250,  50,  64, 100, 245;
 176, 255,  15,   0,   0,  16, 112,   0, 128, 198,  29, 239, 120, 227, 141,   7,  14,  48, 224,  40, 111, 251, 135,  13,   0,   0,   0,  98,  24, 103,  60, 225, 152,  35, 135,  28, 230, 216, 239, 191, 255, 126,  99,  49,  48,   7, 120, 187,  73,  68,  48, 112, 253, 239,  51,  32, 248, 239, 254, 127,  16, 192, 253, 123;
 176, 123, 223,   7,   0,   0,  96,   0,   0, 192,  13, 111,  48, 193,   5,   1,  12,  32,   0,   0, 100, 160, 135, 127, 128,   1,   0,  70,  24,  35,  12,  32,   0, 231,  15,  63, 196, 208, 203, 127, 255, 255,   3,  49,   0,   2, 120, 251,   1, 192, 255,  63, 131,  48, 255,  47,  24, 190, 223, 254,  17, 136, 253,  90;
   1,  64,  28,   7,   0,   0,  96, 124, 252, 112, 112,   9,  35, 206, 249, 239,  63, 255, 251, 207,  15, 112, 128,  67, 112, 130, 156,  57, 230,  83,   0,   0,  19, 255, 255, 161, 255,  31, 198,  16,  71,  28, 224, 220, 220, 159,  66, 255, 255, 255,  79, 199, 191,   6, 248, 255, 135,  64, 240, 125, 159, 231,   6, 133;
 198, 254, 237, 255, 255,  15,   1,   0,   0, 128,  21, 143,  48,  64,  94, 126, 241, 197,  21, 177,  72, 128,   0,  76, 196,  27,   0,  68,  58, 255, 255, 255, 255,  97, 112,  95,   9,  37,  27,  48, 196, 144,   1,  32,   0,   0, 125, 159,   1, 103, 208, 248, 127,  69, 248, 191,   3, 124, 255,  63,  31,  12,  25,   0;
 244,  59,  65,  32,   0,   0,   0,  97, 227, 239, 141,  39,  12,  48, 193,   1, 255, 254, 255, 167,  15, 241,  16,   7,  64, 160,  57, 227, 136,   3,   0,   0,   0, 178, 236, 231, 255, 127, 247, 152, 231,  28, 243, 185,   8, 161,  45, 216, 105,  16, 108,  55, 235, 253,  78,   0, 132, 107, 116, 255, 159, 207,  31,   9;
 222,   3,  16,   0,   0,   0, 128, 241, 255,  98, 192,  33,  78,  56, 254, 255, 255, 255, 249,  65,  15, 112,   0,   0,  96, 144,  56, 113,   0,   0,   0,  64,  62, 127, 252, 255, 143,  29, 243, 156, 247, 252, 227,  28, 204, 129, 228, 225,  32,  92, 182, 243,  63,   4,   4,  12,   7, 252, 231,   6, 255, 223,  12,   9;
 254, 253, 239, 115, 113,  64,   0, 129, 235, 215,  47, 127, 145, 255, 255, 119, 156,  97, 196,  57, 174, 227, 184, 127, 193, 160, 113, 231,  13,   1,  80, 224,  25,  39,  30, 124, 196, 128, 240, 127,  79,  17, 242, 255,  25,  35, 184, 201,   0,  72, 114, 127,  11,  64, 119,  47,  73, 220, 239,  32,   0, 160, 251, 251;
 225, 191, 255, 255, 255, 255,   7,   0,   0, 128,   9,  78, 176, 255, 255, 254, 144,  67,  14, 253, 121, 130,  32,  12, 128,   1, 215, 126, 251, 253,  61, 167,  26, 254, 255, 191, 235,   0,  48,  87, 128,   0,   2, 177,   0, 224,  61,  15, 198, 247,  81,  98, 155,  12,  50, 254, 223, 125,  97,  52, 255,  31, 136, 136;
   0, 115, 198, 207, 229, 247, 127,  30,   6,  12, 249, 236, 127, 255, 253, 239,  15,  21,   0, 224, 103, 191, 247,  61, 191,   7,   0,   0,   0,   2,  60, 225, 255, 255, 247, 152, 231,  22,  81,  70,  25,   1,   0, 160,   0,   6, 224, 249, 251,  61,  38,  51,  25,  12, 176, 255, 255, 253, 123,   0,  64,  24,  17,   0;
  75, 255, 230, 251, 255, 191, 129, 132, 223, 221,  18, 240, 239, 215,  14, 242, 243,   0,   4,  16, 128, 194,  15, 128,   0,   0,   0,  96,   0,   1, 248, 255, 109,   1, 240, 123, 192, 129,   3,  12,   0,   0,   0, 160,   0,  10,   0,   0, 193,  96,  50,  57,  28,  85, 103, 162, 223, 108,  96, 176,  28, 255, 127,  63;
 244, 255, 239, 243, 241,  65,   0,  67,   1, 223,  63, 255, 144, 255, 255, 127, 158, 113,   4,  49, 204, 243,  62, 142, 247, 255,  99, 135, 155,  47,  52, 128,  25,  39,  20,  80, 132,   3,   1,   0, 247,  19, 149,  33, 255, 127,  19,  90,  65,   0, 112, 115, 159, 199, 240,  15, 209,  60, 223,  41,  18,   0, 128, 230;
 212, 127, 199, 225,  32,  64,  64,   0, 225, 207,  29, 231,  88, 179, 205,  39,  31, 120, 240,  45,  47, 251,  16,   4, 129,  48, 225, 247,  91,   3,  48, 226,   8,   3, 142,  40,  70, 223, 239, 146, 255, 159, 211,  57,  17,  34,  45, 201,   0, 232, 242,  63, 143, 203, 240,  47, 136, 162, 223, 255,  18, 205, 221,   2;
 180, 123,   3,  96, 108,   8,   0, 227, 255,  64, 140, 107,  44,  97, 220,  15,  63, 252, 254, 175,  15, 255, 117,   3,   0, 224, 124,  41,   0,  68, 254, 127,  36,  80, 192,  97, 127, 255, 255, 187, 239, 220, 155,  16,   0, 160, 135,  36, 219, 239, 255, 221, 166, 195, 192, 248,  46,  11,   4, 198,  18, 140,   8,   9;
  67, 246, 190, 159, 145,  33, 227, 254, 126,   9,  50, 152, 225, 223,  27, 115, 204, 255, 199,   0, 128,   0,   4,   0,   4,  20, 128,  64,  34, 223, 109, 161, 217, 174,  13,   0, 180,  18, 198,  92, 227, 252,  15,  42,   0,   2,  32,   1, 128, 119,  16,  64,  95, 150, 156, 223,   7, 124, 133, 254,  51,   0,  89, 250;
 180,   9, 219, 110, 239, 223,  30,   0, 155, 128, 236, 238, 127, 253, 116, 194,  65, 223, 251, 239,   0, 135,  52, 108,   0,   0, 112, 106,   0,  64, 248, 255, 239, 221, 113, 128,  63,   6,  54, 217, 228, 253,  31,  55,   0, 131, 168, 161, 250,  45,  50,  49,  24, 134,   0,   0,   4, 155, 141,   7,   0, 128, 217,  91;
 254,  13,  96, 252, 255, 127,   8,   1,   0,   0, 255, 255, 191, 125, 230, 144, 131,  78,  62, 253, 249, 207,   7, 136, 193,  19,   2, 132,  56,  99, 140,  97,   6, 152,  79, 128, 243, 238,  63, 131, 140,  18,   3,   0, 185,  95, 115, 190,   9, 101,  62,  23, 130,  10,   0,  64,   6, 231, 255, 255,  26,  47,   4, 182;
 254,  13,  97, 252, 255, 127, 156,   1,   0,   0, 255, 255, 191, 125, 230, 144, 131,  78,  62, 253, 185, 207,  23, 136,   1,  51,   6,   0,  48,  98, 156,  97, 134, 153,  79, 128,  99, 206,  60, 129, 128,   0,   3,   0,  32,  84,  82, 190,  73,  64,  62,  21, 130,  14,   0,   0,   4, 227, 241, 250,  18,  47,   4, 180;
 254,   9,  65, 248, 255, 127,  28,   1,   0,   0, 255, 255, 191, 121, 246, 152, 131,  78,  62, 255, 185, 207,   7,   8,   1,  19,   6,   0,  48,  98, 156,  97,   0, 220,  15, 160, 251,  78,  52, 128, 128,   0,   3,   0,  32,  84,  86, 254, 123,  13,  62,  23, 130,  10,   0,   0,   4, 227, 241, 255,  18,  47,   4,   4;
 248, 255,   3, 240, 252, 236, 249,   3,   0,   0,  12, 252, 255, 255, 206,  19,   3,   8,  32, 176, 247, 191, 251,  29,   8, 227,  95,  44,  32, 228,  60, 227, 239,  19, 195,  92, 227, 140,  49, 231,  24,  32,   2,   0,   0, 192, 214,  39, 158, 165,  32,  59,   8, 249, 255, 183, 249,  86, 122, 255,  63, 143,  14,   0;
 255,  15, 224, 255, 255, 239,  12,   0, 128, 128, 129,  62, 244, 217, 127, 158, 145,   4,  28, 253, 248, 199,   7, 140, 129,  19,   3,   2,  56, 239, 159,  39,  30,  56, 111, 168, 233, 199,  21,   2, 140,   2,   0,  33, 177,  31,   0, 191, 223, 247,  81,  64,  27,   0, 164, 124,  14,   0, 254, 105,  16,   0, 208, 246;
 255, 221,  97, 112, 255, 255, 158,   1,   0,   0, 239, 255, 255, 113, 246, 216, 163,  12,  60, 188, 129,  13,  88, 136,   0,  35,  31,   0,  48,  98, 220, 105,   4,  93, 223,  41,   3, 204,  63, 176, 224,   2,   2,   0,  32,  84,  70, 182,  75,   0, 186, 181,  10,   0,   4,   0,   0, 131, 245, 109,  95,   4,   0, 228;
   4,  96, 220, 175, 167, 215, 127,  12,   8, 184, 245, 142,  55,  94, 120, 224, 113, 135,  25,   2,   0, 128,   4, 124,   0,   0,  19,  32,   0, 248, 255, 255, 247, 156, 112, 194, 253,   3,   2,   8,  96, 227,  15,  16,   0, 224,   6,   0, 217, 100,  48, 208, 126,   7,   0,   0, 198, 255, 191,  30,  16, 136,  76,   8;
   0,  96,  12, 143, 207, 159, 127,  12, 156, 184, 240, 130,   7, 222, 121, 230,  81, 191, 123, 198,   0, 132, 228, 124, 132,   0,   1,   0, 206, 251, 239, 183, 255,  63, 240, 255,  17, 101,  26,   0,   0,   0,  14,   0,   0,  32,   7,   0, 201, 255,  81, 232,  29,   0,  92,  15,   0, 224, 253, 255,  20,  12,   0, 168;
   0,  96, 156, 143, 199, 223, 127,  12, 156, 188, 241, 130,   7, 223, 121, 228, 117, 191,  91, 194,   0, 190, 166,  60,   4,   0,  17,   0, 255, 255, 255, 191, 255,  28, 240, 255, 191, 125,  19,   0,  33,  66,   6,   0,   0,  16,   6,   0, 201, 255, 209, 238,  14,   0,  64,  12, 130, 235, 255, 255,  16,  12, 128, 255;
   0,  98,   0, 143, 143,  31, 127,  12, 188, 184, 240, 128,  15,  62, 248, 239,  63, 255, 251, 196,   7, 188, 192, 101,  12,   0, 128,  64, 238,  27, 228, 204, 255, 127, 244, 255,  15, 125,  59,   0,   0,   0,  12,   0,   0,  16,   5,   0, 193, 224,  55,  16,  32,  12,  94,  15,   2,  96, 241, 255,  20,   4,   0, 204;
 223, 252,  45, 240, 255, 111, 155, 128, 128, 129, 183, 190, 253, 246, 219, 254, 243, 141,  53, 186, 233, 207,   7, 128, 128,  16,   8, 128, 126, 255, 111, 191, 255, 247, 210,   0, 219, 239,  63, 142, 128,   0,   3,   0,   0,  16,  68,   1, 202, 231, 208, 240, 104,  15,   0,   0,   0, 195,  65, 254,  62,  13,   4, 132;
  20,   0,  24,   6,  15,  31, 126,  24,  24,  48, 225,  14,  31,  60, 240, 201, 119, 191, 251, 198, 119, 188, 195, 125, 184,  15,   0,  64,   0,  19, 204, 127, 247, 253, 251, 151,  15, 252, 255, 165,   0,   0,   0, 224,   0,  14,  32, 249,   1,  64, 242, 255, 104, 176,  15,   5, 184, 231,  96,  32,   8,  58,  51,  50;
  31, 196,  40,  26,  31,  37, 222, 232, 248, 241,  33,  16, 193, 180,  19, 246, 255, 239, 189, 210, 205,   0,   8, 128,   0,  24,   0,  64, 196, 147, 205, 126, 127, 181,  16, 130, 223,  35,   4, 208, 214, 187, 247, 255, 192,   6, 224, 185,  13, 254, 127, 192, 244,  15,   0,   0,   0, 131, 255, 127, 143, 123,  17,  18;
  75, 252,  63,  18, 144, 249, 255, 144, 136,   1,   2,  16, 225, 196,   2,  82, 246, 185, 239, 126, 183, 152, 248, 205, 191,  31,   0,  64,  64, 255, 255, 255, 255, 231,   1,   2,  28, 250, 110, 177,  65,   4,  32, 161,   0,   0,  32, 129, 222, 167, 193,  32,  96,  30,   0,   0,   0, 130, 193,  97, 253,  30,   0,   0;
 251, 135, 240,  92,  22, 226, 236, 128, 243, 231, 222, 255, 255,   8,   0, 144, 224,   0, 253, 255, 255, 183, 185, 197, 160,   0,   0, 194,   9,   3, 150, 121, 230, 137,  98, 207, 125,  35, 240, 255, 223, 141,   2,  32,   0,   2, 109, 137,   0,  64,  48, 144, 252, 255, 251,  51,  73,  18,   0, 128, 112,   8, 125,   2;
 128, 123,  31, 224, 200, 200, 115,   0, 132, 136,  16, 138, 104, 255, 255, 255,  63,   0,  32,   8, 161, 255, 103,  61, 140, 224, 255, 127, 251, 252,  47,   3,   0,   0, 138, 104,  66, 153, 175, 174,   8,  64,  10,  17,  16, 160,  12, 135,   7,  83,   0,  32, 128,  15,  34, 248, 255, 125, 127,   0,   0,   0,  64,  64;
 203, 191, 231, 241, 240, 248, 161, 135, 135, 143,  27, 240, 248, 227,  14,  51, 196,   0,   4,  48, 192,   2, 186, 252, 255, 127, 225,  94,   3, 140,  56, 226,   0,   0,   8,  16, 128, 250,  15,   4, 112,  34,  20, 231, 251,  30,   0,   1,   0,  64,  48,  48, 159, 199, 197,   1, 176, 166,  18, 255,   0,   0,  64, 240;
  43, 128, 186, 223, 247, 255, 255, 138, 154, 189, 251,  94, 131,  31, 127, 253, 177, 135,  28,  80, 128, 150,  47, 188, 130,  68,  65, 102,   5,  16, 240, 228, 255, 255, 127, 191,   1,   0,  16, 104,   0,   1,   0,   0,  50,  27,   0,   0, 224,   0,  32, 113,  24,  12,   2, 242, 247,  89, 254,   1,   0,  54, 102, 244;
   4, 122, 196, 239, 231,  23,  11,   4,   4, 136, 177, 143,  53,   2,  88, 108,  49, 255, 219,   7,   0, 128,   4,   0,   0,   0, 155,  32,   2,  40,  44, 160, 245, 247,  13,   0,  57, 102,  30,  25, 160,   0,   3,  16, 128, 153, 128, 251,  81,  68,   0,   0,  96, 254, 255, 255,   3,   0, 254, 127,  16, 192, 118, 213;
 107, 255,  47,  16, 240, 255, 255, 144,   0,   1,   2, 240, 249, 192, 158,  59, 166,   0,  68,  24, 160,   0, 249, 253, 191,  31,   0,  64,   0, 129,  12,  99,   0,   0, 154, 253, 255, 131,   0, 210, 121,   3,   0,  32,   0,  18,   0, 129, 254, 255, 158, 207, 159,  97, 116, 118,  79, 124, 255, 254, 125,  14,  16,   0;
 203, 135, 176, 221, 150, 230, 253, 183, 255,  45, 218, 240, 255, 255, 106, 176, 129,  38,  31, 208, 212,   4,  42, 241, 255,  30, 128,  64,  67,  11, 164, 128, 206, 155, 239, 158, 247, 246, 243, 127, 114, 160,  64, 166,   0,   2,  33, 137, 192,  96,  54,  16,  64,  60,   2,  16,  22, 205,  67, 166, 253,   8,  17, 146;
 254,   8,  65,  44,  46,   4,   0,  65, 193, 194, 197,  47, 126, 248, 225, 135, 223, 254, 255, 239,  31, 253, 208,  15, 193,   3,   0, 192,   0,  35,  12,  97,   6, 255, 239,  32,   0, 124, 252, 241, 231, 223, 159,  33,   8,   6,   0, 184, 217, 255, 255,  63,   1, 248, 255, 135,  32, 130,   0, 192,  16,   0, 145, 250;
   4,  96,  92, 175, 231, 223, 127,   8,   0, 152, 245, 174, 119, 255, 121, 224,  85,  31,   3,   0,   0, 149,   6,   8,   0,   1,  26,   0,   0, 122, 236, 225,   7,  15, 112, 242, 129,  37,  27, 140, 255,   3,   3,   0,   0,  20,   2,  16, 217, 127,  94,  47,   0,   0,   0,   8, 246, 191,  94,  34,  16,  47,   0, 188;
 255, 221, 107, 112, 248, 255, 191,   3,   0,   0, 239, 254, 255, 101, 246,  25, 130, 159, 126,  60, 145,   1,   8,   8,   0,  35,  30,   0,  48,  98, 220, 105,   0,  93, 155,  37,   2,  72,  42, 177, 225, 131,   3,   0,   0,  68,  86, 150,  75,   0, 186, 191,  10,   0,   0,   8,   0, 131, 253, 101, 127,  12,   8,   0]
**************************************************************************
It's strange. You shouldn't use L1 or L2 distance for a binary descriptor
**************************************************************************
*itMatcher : BruteForce
Brisk matching time : 3.32583
[160,3979,0,0;
69,3800,0,21.2838;
202,4074,0,32;
60,3774,0,32;
101,3841,0,36;
174,4005,0,40.4969;
125,3915,0,60.3987;
22,3650,0,64.0078;
35,3707,0,74.081;
121,3910,0,74.2159;
198,4056,0,78.5111;
186,4025,0,85.9244;
42,3727,0,91.9293;
199,4058,0,91.9456;
102,3859,0,92.2984;
130,3920,0,92.8924;
169,3997,0,97.9183;
197,4055,0,103.078;
99,3857,0,128;
89,3826,0,128.066;
10,3651,0,128.328;
25,3687,0,130.476;
55,3761,0,131.992;
153,3963,0,133.54;
53,3759,0,139.814;
176,4007,0,141.912;
111,3891,0,143.154;
36,3708,0,145.124;
32,3695,0,147.58;
157,3975,0,147.797;
0,0,0,0;
]

